#lt    20.0
#count pbc
#dt    1.0
#dn    20
#edges  -26.59875 -26.066775 -25.5348 -25.002825 -24.47085 -23.938875 -23.4069 -22.874925 -22.34295 -21.810975 -21.279 -20.747025 -20.21505 -19.683075 -19.1511 -18.619125 -18.08715 -17.555175 -17.0232 -16.491225 -15.95925 -15.427275 -14.8953 -14.363325 -13.83135 -13.299375 -12.7674 -12.235425 -11.70345 -11.171475 -10.6395 -10.107525 -9.57555 -9.043575 -8.5116 -7.979625 -7.44765 -6.915675 -6.3837 -5.851725 -5.31975 -4.787775 -4.2558 -3.723825 -3.19185 -2.659875 -2.1279 -1.595925 -1.06395 -0.531975 -3.90798504668e-14 0.531975 1.06395 1.595925 2.1279 2.659875 3.19185 3.723825 4.2558 4.787775 5.31975 5.851725 6.3837 6.915675 7.44765 7.979625 8.5116 9.043575 9.57555 10.107525 10.6395 11.171475 11.70345 12.235425 12.7674 13.299375 13.83135 14.363325 14.8953 15.427275 15.95925 16.491225 17.0232 17.555175 18.08715 18.619125 19.1511 19.683075 20.21505 20.747025 21.279 21.810975 22.34295 22.874925 23.4069 23.938875 24.47085 25.002825 25.5348 26.066775 26.59875
609 572 585 533 583 525 472 412 408 379 297 252 228 197 184 123 110 88 79 59 63 54 46 38 30 27 16 23 17 9 4 3 2 3 3 1 2 0 1 0 1 1 0 1 0 0 0 0 0 0 0 0 0 0 0 0 0 0 0 0 2 0 2 0 0 0 0 2 4 4 5 1 9 11 16 10 14 15 17 26 32 33 44 50 71 99 118 147 212 212 262 295 326 371 417 482 522 568 549 607
599 561 606 639 585 563 526 494 432 415 383 279 255 199 184 138 151 103 113 76 70 58 48 33 33 32 18 29 13 9 14 5 7 5 2 2 5 1 2 0 0 0 0 0 0 0 0 0 0 0 0 0 0 0 0 0 0 0 0 0 0 1 0 1 1 0 1 0 1 4 2 2 1 8 14 9 13 18 9 20 29 38 31 44 65 98 93 127 158 181 195 225 269 340 373 418 447 517 574 580
609 584 626 635 626 600 582 539 491 461 394 310 302 289 227 197 162 139 118 94 92 64 53 56 43 32 24 25 21 15 14 10 5 6 1 2 3 1 2 2 1 0 0 1 0 1 0 0 0 0 0 0 0 0 0 0 0 0 0 0 0 0 1 0 0 1 0 1 0 3 2 5 8 8 8 7 5 15 14 17 14 31 27 50 49 71 89 109 137 167 221 232 255 268 354 399 424 473 528 557
587 615 620 632 655 632 622 579 563 474 490 406 356 300 259 237 166 191 125 116 105 94 66 61 39 47 43 39 29 21 10 7 7 8 4 5 4 4 1 2 0 0 0 1 0 0 0 0 0 0 0 0 0 0 1 0 0 0 0 0 0 0 0 0 2 0 0 0 1 0 0 1 4 4 7 4 6 12 10 13 21 19 30 33 46 73 62 94 116 140 173 187 222 241 265 346 423 443 514 557
565 557 634 639 664 665 689 642 628 592 551 470 412 360 327 287 210 196 167 148 132 112 78 77 67 61 56 40 25 21 14 11 15 7 6 7 4 9 0 2 3 2 0 1 0 0 0 0 0 1 0 0 0 0 0 0 0 0 0 0 0 1 0 0 0 0 0 0 0 2 2 3 0 2 3 5 5 11 12 11 10 20 20 28 36 51 67 67 86 116 138 149 195 210 260 279 337 410 479 469
508 548 573 655 693 734 710 670 691 584 570 514 470 422 333 288 285 210 163 184 156 131 115 99 90 71 57 55 54 39 25 12 15 8 6 4 7 7 2 7 4 0 0 0 1 0 1 0 0 0 0 0 1 0 0 0 0 0 0 0 1 0 0 0 0 0 0 0 1 0 0 1 1 2 2 2 4 8 8 4 15 7 13 16 33 46 57 59 74 111 135 145 165 180 217 261 327 382 443 441
508 550 621 619 637 714 722 676 675 607 598 539 563 476 460 389 282 301 260 213 188 172 132 135 106 83 87 76 47 34 24 16 16 9 17 11 7 5 7 2 4 2 3 2 2 0 0 0 0 0 1 1 0 0 0 0 0 0 0 0 0 0 0 0 0 0 0 0 0 1 0 0 3 2 1 3 3 3 5 6 10 8 16 25 24 32 47 62 78 93 102 118 141 182 192 228 260 298 340 429
462 466 529 623 643 697 713 696 694 675 645 619 582 549 436 418 375 317 283 243 208 204 172 156 145 119 102 70 56 45 48 28 25 18 16 10 7 8 8 4 3 1 2 2 2 0 1 1 1 0 0 0 0 0 0 0 0 0 0 0 0 0 0 0 0 0 0 0 0 0 0 0 0 0 0 1 2 2 2 2 3 7 9 10 21 22 29 42 51 63 83 115 104 101 177 210 239 266 281 396
425 436 542 559 640 660 704 698 711 716 641 667 665 632 578 471 452 387 345 283 267 274 187 204 178 160 108 83 74 62 34 37 34 14 20 5 10 5 9 1 1 3 4 4 1 1 2 3 1 0 0 0 0 1 0 1 0 1 0 0 0 0 0 0 0 0 0 0 0 0 0 0 0 0 0 1 1 2 1 7 8 5 11 10 12 18 29 41 46 53 62 90 98 126 138 180 208 251 287 352
354 378 437 503 529 589 656 669 732 700 745 702 708 705 565 548 479 434 365 355 312 274 242 216 220 183 172 101 96 104 70 46 42 28 23 15 12 9 11 4 4 3 1 1 0 1 2 3 1 1 2 0 1 0 0 0 0 0 0 0 0 0 0 0 0 0 0 0 0 0 0 0 0 0 0 1 0 0 1 7 2 3 7 7 5 17 23 31 33 55 64 61 88 89 116 135 175 221 247 291
306 378 397 438 494 587 693 663 710 703 741 722 733 681 657 589 505 500 415 394 340 300 294 247 256 249 183 138 131 115 69 60 53 41 32 23 10 11 11 9 7 5 2 4 1 1 1 1 0 0 1 2 1 1 1 1 0 1 0 0 0 0 0 0 0 0 0 0 0 0 0 0 0 0 0 0 1 0 1 0 2 1 8 9 10 6 14 27 25 35 34 43 66 80 87 98 138 178 240 238
240 326 346 393 461 500 544 616 684 694 736 736 686 700 694 698 534 542 519 460 403 394 347 324 294 271 226 203 144 113 113 79 57 37 39 29 27 16 16 10 5 5 7 5 6 2 2 1 0 1 1 0 2 1 0 1 0 0 0 0 0 0 0 0 0 0 0 0 0 0 0 0 0 0 0 0 1 1 1 1 7 4 3 6 4 9 12 15 26 23 33 34 66 62 80 79 127 147 169 233
223 257 331 367 420 457 523 571 669 698 731 728 787 779 732 648 667 625 556 535 479 475 431 369 353 326 278 221 208 160 141 97 89 57 47 41 29 12 15 13 13 5 5 12 2 3 4 3 0 2 3 1 0 0 0 1 0 0 0 0 0 0 0 0 0 0 0 0 0 0 0 0 0 0 0 0 0 0 0 0 2 3 6 5 4 11 14 18 15 27 24 41 41 44 75 76 86 134 149 189
229 239 257 281 363 368 515 541 608 677 686 703 724 800 759 691 688 653 641 606 624 527 528 441 398 364 342 278 258 223 172 106 112 68 69 49 36 27 20 15 12 15 10 10 9 6 4 0 1 2 2 0 0 1 0 0 0 0 0 0 0 0 0 0 0 0 0 0 0 0 0 0 0 0 0 0 0 0 0 3 2 2 3 4 5 4 3 14 11 15 18 25 38 47 50 64 80 90 142 172
147 195 214 250 325 367 411 482 508 637 627 695 729 768 734 703 741 699 690 696 705 623 603 534 464 450 441 350 325 242 200 161 136 85 70 69 43 36 27 27 20 21 16 13 7 7 3 4 4 0 1 1 0 0 1 0 0 0 0 0 0 0 0 0 0 0 0 0 0 0 0 0 0 0 0 0 0 0 0 1 1 0 2 1 1 2 6 7 12 21 21 21 17 44 49 55 62 80 121 127
113 155 204 209 265 334 383 418 494 494 569 628 717 724 733 805 759 747 802 787 746 686 665 614 636 557 509 444 413 324 249 207 150 125 119 83 77 47 58 36 24 25 24 13 8 5 5 9 1 2 0 1 3 0 0 0 0 0 0 0 0 0 0 0 0 0 0 0 0 0 0 0 0 0 0 0 0 0 0 0 4 0 0 1 2 1 3 8 7 10 21 30 11 33 32 48 47 62 86 108
96 138 148 213 238 269 282 401 405 489 514 604 695 706 729 761 783 823 843 828 852 806 783 768 694 680 649 586 475 389 358 283 235 181 119 105 98 67 66 58 53 33 30 19 18 9 9 2 4 1 3 1 3 2 0 0 0 0 0 0 0 0 0 0 0 0 0 0 0 0 0 0 0 0 0 0 0 0 0 0 0 0 0 4 4 6 2 4 8 14 15 20 15 12 25 29 53 56 56 82
90 106 115 149 185 239 289 311 406 462 499 570 620 629 723 787 818 850 906 972 991 995 966 938 953 890 838 728 640 530 476 384 305 242 199 155 123 110 86 67 62 48 31 33 21 13 9 10 2 3 2 3 2 3 2 0 0 0 0 0 0 0 1 0 0 0 0 0 0 0 0 0 0 0 0 0 0 0 0 0 0 2 2 2 1 1 1 4 6 13 14 11 16 15 22 25 32 43 52 65
75 82 119 162 186 213 226 278 322 415 444 529 597 631 644 766 786 869 972 1066 1114 1161 1193 1245 1195 1112 1094 956 862 723 691 497 420 375 277 218 200 169 120 92 85 55 61 44 29 27 15 13 7 7 3 2 1 0 2 2 1 0 0 0 0 0 0 0 0 0 0 0 0 0 0 0 0 0 0 0 0 0 0 1 1 0 2 1 0 3 3 1 6 7 6 6 11 16 25 25 29 36 49 60
64 67 88 113 143 162 217 251 336 348 398 494 535 551 624 740 844 952 1038 1131 1249 1319 1503 1513 1557 1476 1428 1356 1184 1035 922 697 659 489 425 356 336 240 190 163 117 101 71 65 49 36 32 18 10 10 5 10 5 4 0 3 1 0 0 1 0 0 0 0 1 1 0 0 0 0 0 0 0 0 0 0 0 0 0 1 1 0 2 0 0 1 0 2 2 14 4 7 3 16 13 21 25 37 27 60
48 77 93 122 109 144 173 229 293 281 353 441 474 531 623 753 815 945 1066 1243 1442 1539 1774 1972 1925 1914 1858 1756 1559 1387 1162 1000 882 708 561 520 437 354 283 193 193 137 119 76 79 56 36 20 15 19 11 11 10 5 6 3 1 1 0 2 0 1 0 0 1 0 0 0 0 0 0 0 0 0 0 0 0 0 0 0 0 1 0 0 0 1 0 2 3 3 6 6 7 6 9 14 24 26 39 26
38 43 78 66 111 145 171 189 251 269 326 353 441 502 591 709 828 1000 1122 1319 1481 1804 2022 2256 2527 2486 2393 2395 2169 1785 1617 1422 1163 968 842 693 587 489 380 285 256 214 160 149 110 84 54 64 30 27 12 20 11 8 9 6 8 2 0 2 2 1 1 1 1 0 2 0 0 0 0 0 0 0 0 0 0 0 0 0 0 1 0 0 0 0 0 2 5 1 6 2 7 16 8 19 15 34 26 32
40 43 63 97 79 117 137 201 196 224 303 340 355 475 621 661 819 975 1191 1501 1697 2075 2421 2628 2884 3054 3102 2879 2808 2442 2163 1777 1517 1319 1075 967 837 618 570 480 384 350 256 198 165 137 105 86 54 40 30 23 25 15 12 6 4 5 5 3 3 1 2 1 1 1 0 1 0 0 0 0 0 0 0 0 0 0 0 0 0 1 0 0 0 0 0 0 1 3 1 7 9 7 7 9 21 17 27 29
30 39 44 52 73 100 120 149 194 203 245 307 357 455 490 601 739 937 1179 1506 1804 2222 2746 3049 3408 3619 3825 3664 3434 3106 2686 2228 1962 1766 1549 1234 1082 820 733 618 510 412 343 302 229 182 131 112 78 52 44 43 34 16 14 22 14 9 6 6 3 2 1 0 1 0 1 0 0 0 0 0 0 0 0 0 0 0 0 0 0 0 0 0 1 0 0 1 0 0 3 1 5 7 11 9 12 16 20 17
36 36 51 53 53 76 102 137 147 205 223 270 361 400 487 623 742 944 1201 1470 1869 2398 2891 3397 3998 4276 4482 4458 4247 3708 3263 2903 2518 2129 1864 1697 1325 1134 949 791 695 546 449 327 267 241 176 117 113 64 50 54 36 33 18 11 12 15 10 8 6 5 2 0 2 0 1 1 2 2 0 0 0 0 1 0 0 0 0 0 0 0 0 0 1 0 1 0 1 0 0 0 5 10 9 6 10 8 29 33
20 15 46 54 68 62 105 117 137 173 218 257 288 366 426 509 679 915 1117 1463 1953 2431 3004 3734 4286 4810 5124 5069 4896 4404 3874 3438 2928 2559 2234 1887 1597 1336 1146 994 757 664 541 456 365 278 214 198 144 112 82 60 49 30 26 20 25 19 9 5 9 7 7 2 1 1 1 0 0 0 1 0 1 0 1 0 0 0 0 0 0 0 0 0 0 0 0 0 2 0 1 1 3 6 4 5 9 20 18 21
26 28 39 49 51 72 79 111 132 129 192 219 286 337 415 512 596 795 1015 1468 1830 2531 3152 3751 4449 5057 5370 5476 5363 4996 4315 3824 3417 2912 2507 2136 1893 1666 1391 1175 997 805 671 548 455 343 270 234 185 140 120 86 54 57 34 34 38 23 18 7 11 8 7 2 1 3 2 1 1 3 1 0 0 0 0 0 0 2 0 0 0 0 0 0 0 0 0 0 0 2 1 2 0 4 4 9 10 12 20 13
17 24 16 30 38 53 60 68 96 118 153 184 233 274 372 447 557 713 969 1268 1789 2345 3014 3604 4449 5020 5597 5456 5443 5111 4671 4080 3628 3147 2750 2340 2122 1899 1532 1311 1122 908 759 637 493 452 347 288 196 170 135 121 93 79 45 31 44 31 17 20 15 7 7 8 4 3 2 3 1 2 1 0 0 2 0 1 0 0 0 0 0 0 0 0 0 0 0 0 0 0 2 3 2 1 1 4 7 9 11 18
14 19 16 23 45 34 52 63 72 110 115 170 184 273 319 342 503 666 866 1195 1556 2139 2788 3434 4203 4793 5215 5583 5452 5055 4748 4151 3644 3278 2855 2639 2267 2027 1676 1518 1205 1027 879 730 576 483 388 334 236 219 163 107 104 68 73 63 39 29 27 20 10 13 2 6 3 5 5 2 1 4 2 0 2 1 3 0 1 0 0 0 0 0 0 0 0 0 0 1 1 2 0 1 0 0 2 4 2 6 8 12
8 11 16 24 16 24 30 47 60 76 102 136 166 212 264 301 397 507 775 1041 1337 1801 2412 3003 3675 4366 4844 5144 5127 4867 4676 4083 3721 3367 2960 2721 2359 2059 1865 1526 1393 1074 964 862 652 523 401 380 270 222 179 155 132 103 82 52 56 33 23 22 16 11 12 8 3 7 2 1 4 3 4 0 1 0 2 1 0 0 0 0 0 0 0 0 0 0 0 0 2 0 1 2 1 1 2 3 2 1 5 6
5 9 11 22 12 19 23 33 58 58 56 122 147 151 197 276 368 475 671 875 1219 1582 2137 2758 3330 3840 4283 4643 4596 4524 4276 3844 3599 3241 3098 2837 2431 2162 1932 1617 1400 1193 1063 852 693 570 471 398 319 232 202 189 150 109 95 68 61 38 30 22 23 12 11 7 5 2 3 1 3 2 2 6 0 2 0 0 0 0 0 0 0 0 0 0 0 0 0 0 1 0 0 0 1 0 1 1 2 4 1 4
5 5 8 18 21 15 20 18 42 56 73 83 110 143 176 211 269 358 550 711 986 1338 1725 2235 2846 3324 3771 4012 4120 4048 3938 3711 3460 3181 2974 2735 2525 2211 1911 1736 1544 1332 1131 946 719 663 524 411 369 265 216 187 144 122 84 70 74 47 34 30 19 20 12 5 3 2 4 4 1 0 0 2 1 2 0 1 0 0 0 0 0 0 0 0 0 0 0 0 0 1 0 0 1 2 3 1 1 0 1 9
7 1 2 9 13 12 10 19 27 44 46 66 80 132 152 175 234 310 439 628 827 1153 1502 1973 2468 2997 3288 3501 3661 3808 3567 3448 3238 3111 2974 2732 2519 2355 2122 1847 1645 1402 1220 1067 796 765 572 463 416 330 297 226 191 157 123 103 73 50 46 21 22 14 16 11 5 8 7 3 5 2 2 1 2 1 1 1 0 0 0 0 0 0 0 0 0 0 0 0 0 0 1 0 0 3 0 2 2 3 1 2
3 2 6 6 8 9 10 18 17 33 45 52 53 74 115 119 194 267 345 541 661 916 1274 1666 2113 2493 2938 3142 3334 3271 3212 3154 3053 2933 2944 2786 2577 2443 2236 1951 1703 1528 1423 1207 1012 836 717 580 540 381 336 279 233 189 150 109 110 66 60 47 37 24 25 16 15 4 6 3 3 3 3 5 5 1 3 1 0 0 0 0 0 0 0 0 0 0 0 0 0 0 0 0 1 0 0 1 0 0 1 4
7 1 1 5 3 7 12 18 20 27 22 28 47 75 78 136 175 226 292 420 616 830 1138 1435 1786 2224 2605 2756 2907 2991 2981 2899 3014 2824 2856 2735 2648 2514 2396 2124 1975 1735 1514 1290 1150 947 892 660 608 480 446 329 274 225 184 159 106 87 59 52 41 26 26 14 11 7 6 7 7 4 1 1 3 6 0 1 0 0 1 0 0 0 0 0 0 0 0 0 0 0 0 1 0 0 0 0 1 0 0 1
0 3 2 2 3 2 3 10 17 11 21 31 35 55 66 99 116 150 233 307 506 699 965 1193 1597 1925 2253 2476 2539 2659 2671 2720 2749 2671 2736 2778 2748 2661 2499 2331 2159 1829 1691 1585 1379 1179 1038 915 713 613 493 423 372 277 240 173 138 93 86 85 54 43 22 14 12 9 16 7 4 4 5 6 6 4 0 0 1 0 1 0 0 0 0 0 0 0 0 0 0 0 1 1 2 0 1 0 1 0 0 2
3 0 0 2 2 6 4 12 11 16 15 18 26 45 60 79 111 132 234 295 413 554 811 1028 1361 1598 1932 2100 2356 2300 2443 2469 2513 2587 2645 2693 2752 2699 2596 2515 2237 2072 1985 1706 1581 1337 1150 1026 803 700 563 527 418 349 274 237 181 148 108 97 72 52 29 30 14 14 9 8 11 8 10 5 6 4 4 3 0 2 0 0 0 0 0 0 0 0 0 0 0 1 0 2 0 1 1 0 0 1 0 0
0 0 0 1 5 4 5 5 11 7 12 17 32 32 48 61 79 115 168 239 345 474 641 870 1144 1411 1660 1880 1946 2090 2182 2243 2204 2357 2562 2651 2669 2705 2573 2579 2437 2276 2026 1867 1680 1454 1366 1131 994 796 706 607 512 400 320 293 243 179 138 109 88 60 45 41 35 19 25 17 18 10 11 3 10 2 4 1 0 0 1 0 0 0 0 0 0 0 0 0 0 0 0 0 0 0 0 0 0 0 0 0
0 2 2 2 2 0 6 7 3 8 9 14 12 25 46 53 79 106 132 163 283 350 547 744 904 1113 1369 1600 1707 1940 1833 1853 2069 2136 2288 2522 2727 2567 2653 2639 2458 2375 2182 2040 1831 1707 1527 1290 1082 1002 850 731 591 477 425 326 274 207 180 137 80 78 69 57 39 38 38 10 20 15 11 9 10 5 9 3 3 2 0 0 0 0 0 0 0 0 0 0 0 0 0 0 0 1 0 0 0 0 0 1
1 0 1 0 0 3 0 2 5 6 8 10 14 22 25 40 69 70 95 154 211 312 460 621 766 1025 1142 1322 1405 1518 1591 1631 1820 1976 2042 2296 2403 2624 2636 2539 2533 2441 2402 2178 2063 1897 1704 1526 1337 1181 963 797 650 585 483 405 321 264 238 166 124 99 75 58 44 44 30 26 27 21 21 11 9 9 4 7 1 1 2 0 0 0 0 0 0 0 0 0 0 0 0 0 0 0 0 0 0 0 0 0
0 0 0 2 0 2 1 2 3 7 6 10 21 18 27 33 29 60 80 127 165 254 354 518 630 817 1009 1154 1210 1358 1388 1425 1591 1772 1915 2071 2292 2394 2510 2596 2578 2540 2430 2417 2200 1990 1837 1640 1494 1342 1127 919 841 721 599 496 356 349 261 187 177 110 90 79 67 50 49 20 27 18 11 19 16 9 7 8 2 3 1 1 0 0 0 0 0 0 0 0 0 0 0 0 0 0 0 0 0 0 0 2
0 0 0 0 0 0 1 2 1 2 3 7 9 7 20 32 34 54 66 108 135 218 272 396 535 646 812 892 1056 1165 1210 1236 1303 1510 1669 1884 2075 2257 2341 2467 2484 2508 2517 2338 2291 2202 2073 1903 1769 1507 1302 1152 979 846 696 587 476 394 340 243 208 158 105 108 75 53 49 56 37 34 24 15 19 18 18 8 3 4 6 2 0 0 0 0 0 0 0 0 0 0 0 0 0 0 0 0 0 0 0 0
0 0 0 0 0 0 1 1 1 1 1 5 2 3 18 21 27 44 40 93 115 192 260 304 449 577 647 696 817 940 1061 1093 1216 1391 1549 1743 1881 2089 2238 2421 2482 2466 2520 2505 2476 2445 2356 2116 1909 1725 1497 1273 1164 981 825 729 625 476 394 335 256 200 174 139 100 79 83 54 44 32 25 40 23 16 13 10 3 3 1 0 0 0 0 0 0 0 0 0 0 0 0 0 0 0 0 0 0 0 0 0
0 1 0 0 0 0 0 0 2 2 4 6 7 7 7 24 25 37 48 55 96 139 227 251 362 440 535 633 720 799 846 953 1030 1124 1284 1486 1698 1943 2009 2169 2273 2465 2541 2627 2620 2668 2542 2376 2051 1994 1715 1491 1310 1157 1011 853 754 637 508 400 341 255 196 174 121 125 75 90 65 46 47 35 35 37 15 13 17 7 11 1 0 0 0 0 0 0 0 0 0 0 0 0 0 0 0 0 0 0 0 0
0 0 0 0 0 0 0 0 0 2 0 0 3 7 10 9 19 31 36 58 77 105 149 214 280 403 455 516 603 594 707 824 833 1021 1101 1288 1454 1701 1804 1983 2214 2272 2481 2684 2682 2694 2593 2560 2445 2047 1936 1701 1489 1379 1234 1019 884 721 573 536 399 339 269 217 174 154 115 86 74 66 57 51 32 27 29 13 9 5 2 2 3 0 0 1 0 0 0 0 0 0 0 0 0 0 0 0 0 0 0 0
0 0 0 0 0 0 0 0 0 1 0 5 4 2 4 12 9 15 24 50 60 81 125 162 266 287 342 413 458 552 573 638 709 849 974 1136 1325 1517 1649 1814 2006 2269 2396 2614 2729 2830 2778 2703 2481 2350 2117 2003 1715 1512 1400 1198 994 911 678 601 445 410 338 257 214 189 144 110 91 78 78 58 48 40 30 21 14 8 11 8 3 1 1 1 0 0 0 0 0 0 0 0 0 0 0 0 0 0 0 0
0 1 0 0 0 0 0 1 0 0 4 2 0 4 3 11 14 8 22 37 49 69 96 145 167 240 289 371 425 422 448 530 614 694 871 993 1155 1268 1478 1632 1801 2092 2288 2401 2637 2761 2785 2751 2728 2542 2363 2121 2060 1713 1681 1431 1152 983 826 698 567 462 367 329 258 227 182 131 128 123 80 71 64 49 37 40 15 11 9 4 4 1 1 0 1 1 0 0 0 0 0 0 0 0 0 0 0 0 0 0
0 0 0 0 0 0 0 0 0 0 1 1 6 4 3 9 13 12 19 19 31 58 73 116 163 215 244 302 317 389 408 425 541 613 686 876 1032 1128 1353 1410 1718 1874 2127 2328 2575 2605 2769 2780 2754 2682 2576 2339 2194 1970 1755 1474 1333 1130 958 825 736 587 506 383 336 281 217 189 137 149 114 93 76 62 43 39 31 23 20 7 2 3 1 0 0 0 1 0 0 0 0 0 0 0 0 0 0 0 0 0
0 0 0 0 0 0 0 0 0 0 0 1 3 2 1 4 5 6 16 17 28 59 62 84 124 152 214 221 277 306 339 394 442 544 658 713 852 1018 1149 1261 1460 1622 1930 2148 2384 2497 2713 2706 2718 2803 2656 2508 2409 2183 1924 1720 1473 1279 1147 986 866 652 607 518 389 338 265 258 200 170 123 128 115 67 72 43 29 25 14 15 6 3 1 0 1 0 1 1 1 1 0 0 0 0 0 0 0 0 0 0
0 0 0 0 0 0 0 0 0 0 0 0 1 4 1 2 3 9 7 21 32 34 39 81 113 129 166 182 198 212 295 308 370 445 528 683 736 827 957 1105 1290 1458 1622 1886 2105 2297 2476 2670 2769 2699 2772 2620 2540 2348 2221 1963 1722 1509 1330 1116 942 789 651 635 485 409 334 294 238 196 172 153 124 97 102 66 47 42 22 19 11 3 3 1 4 3 0 0 0 0 0 0 0 0 0 0 0 0 0 0
0 0 0 0 0 0 0 0 0 0 0 0 0 0 1 3 3 4 6 7 22 27 28 56 65 85 118 126 169 193 235 251 302 340 453 514 595 719 811 913 1126 1247 1448 1729 1939 2188 2199 2536 2779 2757 2709 2808 2640 2479 2313 2137 1889 1686 1438 1279 1186 966 835 742 606 507 403 340 289 255 240 172 138 133 138 84 78 38 31 15 11 7 3 3 2 3 1 1 0 1 1 0 0 0 0 0 0 0 0 0
0 0 0 0 0 0 0 0 0 0 0 0 2 0 2 2 1 6 13 14 18 17 38 48 50 63 101 114 132 144 150 198 247 305 342 389 474 553 641 771 943 1089 1350 1495 1834 1912 2132 2328 2497 2672 2760 2758 2671 2659 2489 2421 2152 1903 1566 1463 1287 1161 1028 892 749 642 514 434 400 292 261 232 204 164 132 117 80 53 32 19 17 6 9 2 1 3 2 0 0 0 1 0 1 0 0 0 0 0 0 0
0 0 0 0 0 0 0 0 0 0 0 0 0 0 0 2 1 5 5 8 9 20 17 37 34 60 69 82 88 107 132 174 184 228 268 335 421 481 549 670 794 995 1149 1335 1496 1744 1964 2246 2378 2453 2631 2674 2715 2766 2540 2568 2238 2021 1838 1650 1479 1302 1122 983 925 710 589 510 444 406 345 278 268 222 173 128 100 62 42 42 19 13 7 2 0 2 3 0 1 0 0 0 0 0 0 0 0 0 0 0
0 0 0 0 0 0 0 0 0 0 0 0 0 0 0 0 1 3 1 6 7 18 13 27 35 44 61 55 94 82 104 134 158 179 245 278 345 382 474 581 698 825 1050 1186 1295 1533 1776 1992 2270 2342 2556 2645 2694 2818 2711 2606 2464 2306 1997 1879 1766 1470 1305 1239 954 888 697 605 532 515 472 351 311 259 241 178 130 85 46 31 32 20 15 2 1 5 2 2 2 0 0 0 0 0 0 0 0 0 0 0
0 0 0 0 0 0 0 0 0 0 0 0 0 0 1 0 1 0 2 3 6 5 11 25 28 40 43 49 61 80 90 97 131 154 189 219 296 313 409 520 590 724 819 1040 1140 1389 1605 1774 1952 2157 2412 2533 2638 2688 2751 2715 2492 2421 2293 2116 1925 1714 1475 1284 1180 911 834 711 656 578 527 457 367 349 284 215 170 110 66 53 26 14 10 9 6 6 3 3 2 1 0 0 0 0 0 0 0 0 0 0
0 0 0 0 0 0 0 0 0 0 0 0 0 0 1 0 0 1 2 1 1 3 8 6 17 31 38 52 63 62 70 92 111 124 152 177 233 295 346 398 502 609 748 844 969 1183 1339 1540 1733 2001 2160 2365 2411 2751 2808 2834 2628 2585 2245 2237 2046 1861 1708 1439 1318 1133 1004 892 810 756 645 550 526 450 356 265 186 148 79 58 40 18 14 9 4 8 9 2 1 2 1 0 1 1 0 0 0 0 0 0
0 0 0 0 0 0 0 0 0 0 0 0 0 0 0 0 0 0 1 2 5 3 4 16 9 17 34 34 36 41 54 73 69 98 122 148 192 208 273 321 379 426 565 718 787 969 1162 1326 1494 1743 1860 2086 2255 2543 2643 2609 2749 2586 2435 2458 2162 2061 1897 1640 1457 1270 1069 1014 935 837 746 717 571 507 433 318 234 143 105 69 50 26 20 14 8 13 8 7 3 1 3 1 1 1 0 0 0 0 0 0
0 0 0 0 0 0 0 0 0 0 0 0 0 0 0 0 2 2 1 2 0 2 3 8 12 22 10 33 22 42 40 60 55 62 104 105 136 155 181 263 316 374 489 565 726 824 1017 1170 1345 1501 1703 1887 2150 2267 2474 2604 2661 2688 2554 2490 2360 2197 2044 1850 1635 1444 1277 1091 1107 1010 852 816 732 616 521 385 314 215 133 92 64 36 26 13 15 11 5 3 5 1 1 0 2 0 0 0 0 0 0 0
0 0 0 0 0 0 0 0 0 0 0 0 0 0 0 0 0 2 1 3 1 4 4 10 7 13 14 21 17 30 29 47 44 51 78 101 104 114 166 248 256 294 359 483 569 728 802 1015 1162 1302 1499 1697 1758 1976 2256 2471 2491 2538 2628 2473 2401 2345 2248 2017 1735 1592 1441 1264 1267 1140 1019 999 856 726 596 498 392 239 197 105 81 44 20 30 18 11 5 7 4 7 3 2 1 0 0 0 0 0 0 0
0 0 0 0 0 0 0 0 0 0 0 0 0 0 0 0 0 0 0 1 3 1 1 4 3 9 18 13 17 21 19 25 42 52 55 75 97 100 139 157 206 279 338 470 507 619 697 859 1010 1148 1350 1467 1639 1925 2088 2220 2433 2484 2547 2563 2487 2472 2333 2128 2045 1761 1622 1575 1430 1326 1241 1155 1007 875 792 575 425 311 206 120 98 54 45 17 15 17 9 13 4 6 6 3 2 0 0 0 2 0 0 0
0 0 0 0 0 0 0 0 0 0 0 0 0 0 0 0 0 0 0 3 0 1 3 1 8 5 8 10 13 14 20 16 32 33 41 58 77 87 119 141 197 207 265 280 416 541 594 695 853 959 1128 1272 1458 1617 1940 2149 2224 2417 2472 2456 2415 2600 2456 2407 2134 2008 1843 1700 1611 1508 1474 1359 1287 1102 908 726 551 390 271 176 111 71 46 42 24 24 12 6 2 5 4 1 3 1 1 0 0 0 0 0
0 0 0 0 0 0 0 0 0 0 0 0 0 0 0 0 0 0 0 2 0 2 1 2 4 9 7 13 11 9 17 13 22 31 38 42 50 72 79 119 127 136 231 253 343 398 500 590 718 833 926 1177 1255 1526 1641 1926 2012 2270 2406 2414 2575 2539 2571 2489 2362 2148 2021 1938 1814 1717 1656 1490 1399 1302 1118 900 691 449 344 217 133 90 50 38 33 20 11 13 8 7 8 6 3 0 2 0 0 0 0 0
0 0 0 0 0 0 0 0 0 0 0 0 0 0 0 0 0 0 1 0 1 1 3 3 0 3 6 4 5 4 12 11 13 24 21 38 37 48 76 79 113 138 166 202 263 330 435 485 550 685 834 1005 1154 1343 1520 1689 1862 2077 2168 2402 2449 2577 2654 2521 2505 2359 2223 2085 2001 1989 1901 1729 1711 1587 1333 1025 756 550 444 243 159 98 66 51 34 27 12 11 9 6 7 6 4 2 1 1 1 1 0 0
0 0 0 0 0 0 0 0 0 0 0 0 0 0 0 0 0 0 0 0 2 1 0 2 1 2 8 5 4 6 5 15 10 16 22 38 26 40 39 66 66 103 131 183 239 278 311 425 484 586 681 813 970 1143 1346 1482 1683 1891 2031 2257 2390 2505 2534 2532 2535 2464 2438 2317 2235 2122 2060 1980 1896 1703 1465 1184 920 676 457 280 207 121 83 65 37 33 28 27 22 8 7 8 0 8 1 2 0 3 1 1
0 0 0 0 0 0 0 0 0 0 0 0 0 0 0 0 0 0 0 0 2 0 1 1 1 3 2 5 7 8 3 5 6 17 15 21 27 39 53 63 81 91 124 137 166 200 271 336 408 497 569 746 822 1044 1105 1294 1388 1658 1775 2099 2313 2393 2451 2490 2658 2539 2462 2446 2458 2478 2393 2371 2199 2028 1771 1402 1086 822 527 375 220 155 106 72 60 46 40 24 16 12 9 6 2 1 2 1 2 0 3 2
1 0 0 0 0 0 0 0 0 0 0 0 0 0 0 0 0 0 0 1 0 2 1 1 2 2 2 4 2 5 5 8 9 11 11 23 17 26 38 38 58 79 90 123 123 172 207 256 333 399 502 589 728 861 945 1159 1288 1405 1662 1884 1999 2152 2354 2407 2551 2535 2717 2579 2606 2780 2626 2692 2460 2286 2066 1622 1210 932 612 429 304 195 113 78 69 46 33 21 24 18 13 11 3 3 3 2 0 1 1 1
2 0 0 0 0 0 0 0 0 0 0 0 0 0 0 0 0 0 0 1 0 0 0 0 0 3 2 3 2 3 3 2 6 7 12 9 22 18 28 34 47 48 80 95 120 136 189 214 283 302 393 515 624 729 797 997 1087 1288 1487 1712 1905 2086 2204 2327 2506 2548 2640 2688 2965 2936 3050 3020 2874 2681 2309 1939 1533 1142 743 541 359 218 137 99 89 57 44 22 28 23 17 8 13 5 4 3 1 0 3 1
0 1 0 0 0 1 1 0 0 0 0 0 0 0 0 0 0 0 0 0 0 0 1 2 0 0 0 1 2 1 0 3 5 7 6 6 12 18 24 22 31 43 61 71 102 119 136 178 210 303 352 411 497 614 731 856 955 1124 1349 1545 1666 1953 2060 2215 2503 2667 2937 2810 3163 3450 3399 3388 3328 2982 2674 2214 1725 1299 973 658 398 277 165 115 79 73 64 38 38 25 18 18 9 9 8 4 3 4 2 4
0 3 0 1 1 0 0 0 0 0 0 0 0 0 0 0 0 0 0 0 0 1 1 0 0 0 1 1 1 1 2 2 2 7 6 7 12 8 15 19 21 31 42 71 74 104 140 157 200 236 301 400 425 541 641 791 932 1044 1226 1410 1622 1754 2063 2202 2434 2606 2943 3238 3515 3691 3859 3891 3784 3477 3181 2581 1952 1551 1105 744 514 342 207 152 117 83 68 53 43 35 28 19 10 11 10 4 4 4 1 4
1 2 3 6 1 0 1 0 0 0 0 0 0 0 0 0 0 0 0 0 0 0 0 0 0 1 1 0 1 1 1 3 3 5 3 7 7 10 15 12 19 29 36 49 69 77 96 140 160 234 275 318 410 522 593 673 796 1008 1145 1325 1542 1738 1941 2206 2429 2658 3041 3449 3732 4136 4253 4360 4327 3956 3615 3006 2340 1781 1322 963 592 409 274 212 137 105 105 60 59 43 34 17 24 13 14 6 8 4 4 1
7 1 3 2 0 0 0 0 0 0 0 0 0 0 0 0 0 0 0 0 0 0 0 0 0 1 0 0 0 1 1 0 0 2 3 3 5 10 8 18 12 21 19 45 66 82 72 125 159 193 212 276 341 466 519 627 713 891 1085 1191 1425 1686 1967 2080 2402 2714 3062 3393 3777 4219 4544 4605 4697 4425 3995 3338 2715 2069 1488 1112 702 451 345 234 173 140 88 78 64 44 53 25 23 20 14 14 11 5 5 5
2 1 2 1 0 1 1 0 0 0 0 0 0 0 0 0 0 0 0 0 0 0 0 0 0 0 0 0 1 0 0 1 0 1 3 4 3 5 14 9 12 17 30 37 47 58 82 95 134 175 206 265 275 383 461 556 687 826 1003 1165 1356 1522 1745 2071 2381 2697 2997 3510 3853 4400 4732 5089 5010 4688 4228 3599 3076 2378 1706 1221 826 578 411 316 215 165 111 99 87 69 56 44 34 23 17 17 10 9 4 5
5 6 3 0 2 1 1 0 0 0 0 0 0 0 0 0 0 0 0 0 0 0 0 0 0 0 0 0 0 0 1 1 0 0 2 6 5 4 2 16 11 11 24 22 42 49 69 92 100 116 147 211 269 323 392 471 606 732 855 1016 1260 1437 1751 1980 2207 2424 2892 3303 3856 4316 4690 5110 5107 4953 4600 3909 3259 2477 1848 1313 925 634 436 317 262 225 148 128 116 87 63 52 43 40 34 24 17 16 17 9
3 9 5 3 1 0 0 0 1 0 1 0 0 0 1 0 1 0 0 0 0 0 0 0 0 0 0 0 1 0 1 1 1 1 1 0 1 3 8 7 16 14 19 18 23 26 52 57 82 109 141 157 208 292 335 409 487 642 710 869 1114 1355 1489 1747 2038 2344 2601 3056 3433 3934 4393 4825 4959 4859 4691 4027 3305 2579 2010 1431 967 779 501 368 292 231 167 147 101 115 77 75 58 43 33 28 26 22 17 17
12 7 7 4 1 3 0 1 0 1 0 4 1 0 0 0 0 0 0 0 0 0 0 0 0 0 0 0 0 0 1 1 0 0 1 2 2 0 5 3 9 11 11 13 25 26 32 57 71 80 98 147 146 213 259 386 412 509 601 754 945 1103 1319 1538 1727 2038 2330 2767 3103 3609 4041 4411 4635 4550 4251 3863 3116 2584 1855 1412 1027 766 552 384 341 233 219 201 139 136 96 83 65 56 45 38 40 26 25 15
16 17 10 6 3 3 1 1 2 3 1 0 1 0 2 0 0 0 0 0 0 0 0 0 0 0 0 0 0 0 0 0 0 2 0 1 2 1 1 3 2 3 8 12 22 20 27 33 42 62 72 108 128 151 185 258 291 381 457 615 753 889 1072 1223 1486 1674 1854 2098 2534 3007 3317 3774 4045 4044 3721 3412 2968 2405 1789 1432 933 745 504 432 300 245 236 192 165 137 111 97 70 75 65 56 38 26 28 15
22 18 9 7 6 2 0 2 1 2 4 1 4 2 0 0 0 0 0 0 0 0 0 0 0 0 0 0 0 0 0 0 0 1 1 1 0 1 2 2 4 3 4 4 12 11 23 23 30 52 49 83 93 121 152 170 209 290 366 430 537 629 825 912 1122 1291 1443 1726 2092 2475 2663 2970 3266 3336 3107 2878 2489 2047 1640 1260 918 679 514 394 312 296 248 202 204 181 126 123 105 92 66 57 36 28 27 18
19 19 15 12 6 7 1 3 1 3 0 0 0 1 0 1 0 0 0 0 0 0 0 0 0 0 0 0 0 0 0 0 1 0 0 2 1 0 1 1 2 4 4 3 11 7 12 19 21 39 34 45 76 100 108 130 173 196 245 316 385 455 574 687 813 960 1142 1343 1488 1851 2068 2311 2419 2604 2614 2277 2071 1744 1476 1101 833 613 484 390 357 277 284 222 187 189 161 103 104 84 64 74 54 38 28 31
23 18 15 5 9 4 5 2 2 2 0 0 0 0 0 0 0 0 0 0 0 0 0 0 0 0 0 0 0 0 0 0 0 0 0 1 0 0 1 0 4 1 4 5 7 3 6 8 14 17 38 41 49 47 68 85 118 136 183 235 257 327 416 461 580 669 770 940 1073 1242 1473 1700 1881 2005 1961 1852 1627 1394 1159 884 741 580 435 381 306 284 237 212 184 179 159 124 102 94 87 73 58 47 32 21
35 23 19 21 9 3 5 5 4 3 0 1 2 0 2 1 0 0 0 0 0 0 0 0 0 0 0 0 0 0 0 0 0 0 1 1 1 0 1 1 2 2 3 4 2 3 4 3 10 15 13 25 28 45 39 67 77 104 108 143 197 244 283 306 381 402 483 638 756 865 1035 1191 1320 1461 1461 1404 1198 1122 974 716 602 539 395 340 317 261 241 240 199 186 148 153 125 101 81 87 68 46 45 31
39 23 18 22 19 7 4 6 5 3 0 2 1 0 0 0 1 0 0 0 0 0 0 0 0 0 0 0 0 0 0 0 0 0 1 0 1 0 0 1 0 2 2 4 2 5 2 6 6 9 13 8 13 17 27 26 36 60 62 86 115 158 178 189 233 302 379 393 514 604 669 828 969 1007 968 1075 897 871 697 575 481 442 407 334 329 271 249 222 211 211 168 131 164 104 100 79 65 64 72 41
56 48 24 18 19 12 10 7 7 5 1 0 3 1 1 2 0 0 0 0 0 0 0 0 0 0 0 0 0 0 0 0 0 0 0 0 0 0 0 0 1 0 0 1 2 0 2 0 3 3 5 5 10 10 16 22 33 36 51 61 83 91 118 138 162 206 235 278 316 388 515 586 640 708 757 752 742 636 583 480 419 410 344 351 285 324 281 237 237 241 213 164 147 145 122 121 71 82 58 54
56 39 41 19 20 12 12 13 10 9 5 4 4 2 0 1 1 0 0 0 0 0 0 0 0 0 0 0 0 0 0 0 0 0 0 0 0 0 0 0 1 0 0 0 2 0 1 0 1 4 1 3 4 6 7 16 10 21 31 41 37 67 84 93 104 145 132 191 214 276 331 395 414 530 534 528 497 489 440 412 391 339 344 326 330 293 319 284 256 232 234 206 174 157 146 109 97 81 70 77
59 50 43 33 34 14 22 12 11 11 7 2 1 1 1 1 1 0 0 0 0 0 0 0 0 0 0 0 0 0 0 0 0 0 0 0 0 0 0 0 1 0 0 0 0 0 0 1 0 1 2 3 6 6 3 6 14 14 18 13 33 54 43 59 62 90 93 132 159 195 231 320 342 366 392 388 438 421 395 365 381 339 317 315 330 282 366 300 324 273 258 257 198 178 163 137 99 109 85 81
81 68 63 36 42 27 31 21 15 12 6 3 7 1 9 1 1 0 0 0 1 1 0 0 0 0 0 0 0 0 0 0 0 0 0 0 0 0 0 0 0 0 0 0 0 0 0 3 1 3 2 1 3 2 5 2 7 9 9 9 23 19 31 50 41 58 63 102 122 160 183 239 259 257 310 296 356 302 343 335 335 331 328 337 355 367 361 320 362 317 289 287 269 201 204 173 131 121 111 95
101 103 72 68 54 42 28 20 16 10 16 9 8 2 4 2 0 2 0 0 1 1 0 2 0 1 0 0 0 0 0 0 0 0 0 0 0 0 0 1 0 0 0 0 0 0 1 0 0 0 1 2 1 0 3 6 3 7 11 9 10 20 19 30 30 38 42 60 73 126 137 149 210 222 254 268 285 308 320 319 297 328 333 328 347 376 399 391 384 371 327 340 285 264 219 195 165 151 124 98
138 94 99 79 62 63 29 25 27 15 14 9 8 7 4 3 5 0 0 2 2 1 1 0 1 0 0 0 0 0 0 0 0 0 0 0 0 0 0 0 0 0 0 0 0 0 2 0 0 0 0 0 1 1 1 0 2 8 7 8 6 13 22 18 21 20 35 36 62 81 105 135 157 209 217 248 236 287 246 248 271 306 281 367 346 363 403 468 420 400 403 365 341 290 264 207 197 192 157 149
123 107 118 114 85 73 43 37 38 23 10 10 14 10 9 5 1 3 1 4 1 1 0 3 0 0 0 0 0 1 0 0 0 0 0 0 0 0 0 0 0 0 0 0 0 0 0 0 0 0 1 1 1 1 1 1 2 4 3 6 6 6 13 12 18 24 32 41 45 65 80 115 136 154 178 209 205 221 205 231 247 293 308 321 343 431 406 407 448 455 405 372 372 324 321 315 250 188 183 160
197 161 135 118 95 73 52 54 48 28 32 16 12 13 7 12 6 3 2 2 6 4 0 0 0 0 0 1 0 0 0 0 0 0 0 0 0 0 0 0 0 0 0 0 0 0 1 0 1 0 0 0 0 0 0 0 1 0 7 4 7 9 10 10 13 15 18 32 38 54 68 100 118 150 157 171 166 204 211 189 206 260 258 280 352 375 475 455 463 450 447 427 419 393 344 347 287 244 217 186
232 195 190 137 128 85 71 55 67 47 28 24 26 17 15 8 11 4 3 0 6 3 0 1 0 2 1 0 0 0 1 0 0 0 0 0 0 0 0 0 0 0 0 0 0 0 1 0 0 0 0 0 0 0 1 0 1 3 1 5 5 6 7 8 14 17 22 26 38 49 72 82 95 113 126 147 164 174 162 206 215 226 230 286 327 338 398 430 461 436 455 447 485 438 392 343 312 297 271 209
242 218 173 153 146 133 94 69 60 53 48 25 20 25 14 7 14 9 2 5 2 2 2 0 0 0 1 1 0 0 0 0 0 0 0 0 0 0 0 0 0 0 0 0 0 0 0 0 0 0 0 1 0 0 1 0 0 1 0 5 6 4 4 9 15 7 16 18 26 33 49 63 78 96 107 152 132 135 150 160 175 214 232 251 302 339 377 410 475 441 485 476 474 490 438 394 401 323 285 250
267 271 236 216 151 123 116 104 81 61 53 47 36 22 19 17 10 11 8 7 6 3 5 2 0 1 0 0 0 0 0 0 0 0 0 0 0 0 0 0 0 0 0 0 0 0 0 0 1 0 1 1 0 1 0 0 0 1 2 3 1 2 10 7 7 9 11 15 24 19 47 55 54 92 104 103 122 110 119 141 167 149 166 222 284 318 346 381 434 424 445 441 525 460 486 464 395 410 325 348
306 296 256 247 203 181 153 132 93 86 63 66 43 37 33 18 16 24 13 7 7 2 1 1 0 5 1 1 0 0 0 0 0 0 1 1 0 0 0 0 0 0 0 0 0 0 0 0 0 0 1 0 1 0 1 0 1 0 3 2 2 3 3 5 5 7 9 14 25 21 30 40 62 75 80 83 93 98 93 119 122 155 208 216 225 338 330 354 398 395 502 481 507 480 501 502 458 404 384 354
325 336 292 264 238 172 176 149 127 98 95 57 67 47 36 33 26 22 13 15 12 9 6 6 1 3 1 1 1 0 1 1 1 0 0 1 0 0 0 0 0 0 0 0 0 0 0 0 2 0 1 1 0 0 0 0 1 0 0 3 4 2 2 5 4 6 10 12 14 17 35 29 52 56 68 64 85 67 78 72 114 129 158 193 227 252 285 342 357 393 465 463 485 519 512 492 498 430 424 396
447 397 342 281 262 207 188 172 153 126 101 73 74 56 37 33 29 32 18 16 21 10 4 4 4 4 0 1 1 1 0 2 1 1 0 0 1 0 0 0 0 0 0 0 0 0 0 0 0 1 0 1 0 1 0 0 1 0 1 2 3 3 2 0 2 3 4 7 8 14 21 24 33 44 56 60 72 64 63 89 84 120 144 163 214 245 293 295 340 388 446 484 502 502 530 494 507 474 462 427
459 415 387 335 324 312 217 205 170 145 148 96 87 90 56 50 28 26 19 26 16 16 5 11 8 7 2 3 4 3 2 2 2 2 0 1 2 1 0 0 0 0 0 0 0 0 0 0 0 0 0 1 1 1 0 2 1 1 1 1 1 3 0 1 1 2 3 5 11 13 16 20 25 23 45 33 38 50 43 72 83 83 134 151 171 195 224 301 313 427 347 451 495 463 540 507 494 523 496 501
485 469 408 403 335 311 293 233 194 196 145 109 93 64 76 71 40 31 24 24 17 22 8 7 12 11 7 5 4 2 1 3 0 2 0 2 0 0 0 0 0 0 0 0 0 0 0 0 1 0 2 0 0 1 1 0 1 1 0 0 0 2 2 0 3 2 3 2 5 7 10 16 20 22 30 42 30 43 53 57 77 91 88 141 149 182 203 259 272 306 369 401 465 473 516 546 563 543 549 482
523 524 431 426 391 379 343 271 248 225 186 139 135 116 98 68 67 54 48 41 26 19 24 15 10 9 9 9 7 1 1 5 1 0 3 0 1 0 1 1 0 0 0 1 0 0 0 1 0 0 0 0 0 0 0 0 0 0 0 0 1 0 0 1 2 2 3 5 5 5 9 14 23 18 22 27 27 30 39 43 55 62 107 105 145 160 162 248 259 285 325 369 393 447 463 531 550 543 541 561
595 510 511 459 438 418 361 315 294 249 201 185 152 125 114 90 77 74 48 42 37 39 22 20 12 9 8 9 6 2 6 2 4 2 3 1 0 0 0 0 1 1 0 0 0 0 0 0 0 1 0 1 1 0 0 0 0 0 0 0 1 1 0 0 1 2 1 1 7 10 5 8 7 20 16 20 18 34 26 29 46 76 76 96 114 143 157 194 247 282 295 374 420 445 500 469 496 534 575 590
566 551 565 518 488 461 428 370 374 301 248 213 217 152 146 117 98 64 75 56 35 29 37 20 19 19 20 9 7 5 4 4 3 3 4 1 2 0 0 0 0 0 0 0 2 0 0 0 1 0 1 0 0 0 0 0 0 0 0 0 0 0 0 1 1 3 2 3 3 9 6 8 13 8 14 16 19 30 29 22 27 59 68 80 103 113 143 172 198 245 258 289 339 419 419 509 529 568 562 551
