#lt    20.0
#count pbc
#dt    1.0
#dn    20
#edges  -26.59875 -26.066775 -25.5348 -25.002825 -24.47085 -23.938875 -23.4069 -22.874925 -22.34295 -21.810975 -21.279 -20.747025 -20.21505 -19.683075 -19.1511 -18.619125 -18.08715 -17.555175 -17.0232 -16.491225 -15.95925 -15.427275 -14.8953 -14.363325 -13.83135 -13.299375 -12.7674 -12.235425 -11.70345 -11.171475 -10.6395 -10.107525 -9.57555 -9.043575 -8.5116 -7.979625 -7.44765 -6.915675 -6.3837 -5.851725 -5.31975 -4.787775 -4.2558 -3.723825 -3.19185 -2.659875 -2.1279 -1.595925 -1.06395 -0.531975 -3.90798504668e-14 0.531975 1.06395 1.595925 2.1279 2.659875 3.19185 3.723825 4.2558 4.787775 5.31975 5.851725 6.3837 6.915675 7.44765 7.979625 8.5116 9.043575 9.57555 10.107525 10.6395 11.171475 11.70345 12.235425 12.7674 13.299375 13.83135 14.363325 14.8953 15.427275 15.95925 16.491225 17.0232 17.555175 18.08715 18.619125 19.1511 19.683075 20.21505 20.747025 21.279 21.810975 22.34295 22.874925 23.4069 23.938875 24.47085 25.002825 25.5348 26.066775 26.59875
177 165 174 158 171 168 130 116 108 100 87 68 75 58 60 36 34 23 22 13 26 16 15 11 8 10 6 10 7 5 3 1 1 1 1 1 1 0 1 0 1 0 0 0 0 0 0 0 0 0 0 0 0 0 0 0 0 0 0 0 0 0 0 0 0 0 0 0 0 0 2 0 4 4 5 2 4 5 4 7 12 12 18 24 27 31 39 48 70 72 85 91 103 114 111 145 132 165 169 167
178 162 176 186 185 153 156 134 140 128 108 71 79 58 48 43 39 37 42 20 18 23 14 11 14 9 7 9 9 5 4 2 1 2 1 1 5 1 2 0 0 0 0 0 0 0 0 0 0 0 0 0 0 0 0 0 0 0 0 0 0 0 0 0 0 0 0 0 0 1 0 1 1 4 3 1 4 2 1 8 10 11 11 14 32 31 33 49 56 51 61 69 77 94 96 102 147 153 158 169
189 160 173 169 183 166 164 169 136 101 114 109 84 91 62 62 53 42 40 35 25 26 18 18 10 14 7 14 9 9 5 2 2 2 1 2 1 0 1 2 0 0 0 1 0 1 0 0 0 0 0 0 0 0 0 0 0 0 0 0 0 0 0 0 0 0 0 0 0 0 0 3 4 2 0 2 1 3 4 4 5 12 14 20 21 18 30 48 41 55 88 81 88 87 96 126 112 140 154 159
171 163 168 201 187 194 190 167 159 124 159 144 116 99 70 71 42 60 35 30 29 29 26 24 13 18 17 16 16 8 4 2 2 4 1 4 3 4 0 0 0 0 0 0 0 0 0 0 0 0 0 0 0 0 1 0 0 0 0 0 0 0 0 0 0 0 0 0 0 0 0 1 1 3 2 2 1 2 3 4 7 6 18 16 19 28 23 31 45 49 59 71 72 76 82 119 109 131 142 168
149 161 201 190 206 174 221 202 171 183 162 147 132 132 121 98 58 58 42 43 37 44 29 23 26 18 24 16 14 12 4 6 10 5 5 4 4 8 0 2 2 1 0 0 0 0 0 0 0 1 0 0 0 0 0 0 0 0 0 0 0 1 0 0 0 0 0 0 0 0 0 0 0 2 0 0 2 2 3 4 6 8 7 10 14 16 17 22 24 42 39 50 59 79 97 91 129 128 135 123
124 136 161 164 193 222 222 202 212 169 179 157 162 152 112 102 100 75 50 54 45 51 44 36 27 26 15 19 21 19 15 4 7 6 3 2 2 4 2 4 0 0 0 0 1 0 1 0 0 0 0 0 1 0 0 0 0 0 0 0 1 0 0 0 0 0 0 0 0 0 0 0 0 1 1 1 0 2 2 1 5 3 5 6 14 19 27 17 31 38 41 39 55 66 75 75 100 116 130 112
157 165 183 175 214 239 237 181 206 221 180 175 182 146 152 130 89 98 61 59 58 55 41 56 47 41 36 25 18 11 7 8 14 3 12 5 4 4 5 2 3 1 1 1 0 0 0 0 0 0 1 1 0 0 0 0 0 0 0 0 0 0 0 0 0 0 0 0 0 0 0 0 0 1 0 0 1 0 0 3 1 1 5 9 8 11 15 19 24 27 34 44 42 63 49 64 70 98 123 120
142 135 143 163 203 204 236 204 210 199 197 218 169 165 145 139 121 96 85 75 57 67 50 57 50 44 38 27 18 16 24 10 14 7 8 4 6 4 5 0 2 0 0 1 0 0 1 1 1 0 0 0 0 0 0 0 0 0 0 0 0 0 0 0 0 0 0 0 0 0 0 0 0 0 0 1 1 0 0 1 0 2 2 3 6 7 12 15 17 22 33 26 34 36 56 66 67 80 86 117
115 120 155 172 189 197 226 221 201 212 213 226 207 219 168 157 155 124 113 91 76 86 55 71 70 49 44 36 33 24 17 18 19 7 8 4 6 4 5 0 0 3 3 3 1 1 1 3 1 0 0 0 0 1 0 1 0 1 0 0 0 0 0 0 0 0 0 0 0 0 0 0 0 0 0 0 0 0 0 3 2 2 4 2 4 7 6 13 16 27 22 30 30 35 39 59 60 69 83 103
103 102 130 145 150 164 208 227 243 237 238 209 228 226 174 187 157 137 119 113 87 69 77 81 79 73 74 26 40 34 31 27 24 17 12 8 6 5 6 4 2 1 0 1 0 1 1 3 1 1 0 0 1 0 0 0 0 0 0 0 0 0 0 0 0 0 0 0 0 0 0 0 0 0 0 0 0 0 0 2 1 1 2 1 2 5 9 5 9 15 28 15 33 31 38 40 56 64 66 70
81 115 113 123 138 169 221 205 238 235 225 258 255 244 235 171 159 161 124 111 120 93 102 86 96 91 61 43 48 54 32 37 28 24 13 7 2 5 6 7 4 5 1 4 1 1 1 1 0 0 0 1 1 1 1 1 0 1 0 0 0 0 0 0 0 0 0 0 0 0 0 0 0 0 0 0 0 0 1 0 1 0 3 6 2 2 3 9 3 11 15 9 15 23 30 16 38 43 59 63
60 97 78 103 141 152 169 216 227 236 267 269 269 251 243 224 187 167 173 159 131 137 116 117 118 99 81 77 52 45 53 36 27 17 22 14 12 9 6 3 3 5 6 5 2 2 1 1 0 1 1 0 2 1 0 1 0 0 0 0 0 0 0 0 0 0 0 0 0 0 0 0 0 0 0 0 0 0 1 0 5 0 0 2 1 1 4 3 11 4 12 8 19 22 27 29 49 43 48 69
68 69 92 100 133 148 181 180 203 251 265 269 270 284 253 223 231 202 172 186 143 184 160 131 141 104 106 75 89 73 63 45 36 21 18 19 14 4 6 3 6 1 2 11 0 2 1 2 0 1 2 0 0 0 0 1 0 0 0 0 0 0 0 0 0 0 0 0 0 0 0 0 0 0 0 0 0 0 0 0 0 1 4 3 1 4 4 4 4 12 7 13 12 12 23 25 31 37 41 52
73 64 72 90 100 110 169 182 221 238 245 268 283 285 263 245 218 224 211 210 196 181 178 175 133 129 116 112 106 122 80 44 64 33 29 21 14 14 7 5 5 9 4 2 5 5 2 0 1 1 2 0 0 1 0 0 0 0 0 0 0 0 0 0 0 0 0 0 0 0 0 0 0 0 0 0 0 0 0 1 0 0 2 2 0 1 1 4 3 3 10 7 11 8 18 28 21 25 42 44
45 57 68 81 118 111 140 153 167 218 204 264 259 275 260 255 273 245 236 255 240 195 200 175 167 166 169 139 157 113 86 73 59 43 33 34 18 15 10 11 9 12 6 5 2 2 2 0 0 0 1 1 0 0 1 0 0 0 0 0 0 0 0 0 0 0 0 0 0 0 0 0 0 0 0 0 0 0 0 0 0 0 0 0 0 0 1 2 3 8 7 6 2 20 12 18 21 31 39 44
33 39 63 69 101 108 124 119 165 156 183 208 262 259 238 299 274 276 271 263 226 244 243 217 250 221 194 195 184 146 111 98 79 55 51 36 32 18 24 10 8 7 11 5 4 1 1 1 0 0 0 1 2 0 0 0 0 0 0 0 0 0 0 0 0 0 0 0 0 0 0 0 0 0 0 0 0 0 0 0 0 0 0 1 1 1 0 2 2 0 8 15 3 8 12 15 15 19 18 38
33 56 49 71 76 90 83 123 129 160 174 221 224 252 259 271 254 279 285 286 341 315 306 315 264 287 285 248 208 178 187 131 113 85 51 55 42 36 31 24 29 19 15 11 7 6 2 0 1 1 3 1 3 2 0 0 0 0 0 0 0 0 0 0 0 0 0 0 0 0 0 0 0 0 0 0 0 0 0 0 0 0 0 1 1 3 0 1 3 2 9 9 3 2 14 11 14 18 17 23
30 28 33 46 59 90 86 106 132 153 157 187 213 215 252 252 264 261 342 360 382 384 351 413 392 390 366 318 315 262 223 168 147 111 94 77 61 45 42 39 26 30 18 20 10 6 5 1 0 0 2 2 2 1 1 0 0 0 0 0 0 0 1 0 0 0 0 0 0 0 0 0 0 0 0 0 0 0 0 0 0 0 0 0 0 0 0 0 3 5 5 3 8 6 12 7 14 15 26 21
31 27 31 49 58 63 73 89 107 119 130 178 200 209 229 226 282 280 352 418 460 440 481 529 524 491 519 461 443 356 348 249 205 195 140 97 96 78 70 44 50 30 38 21 14 13 4 4 5 4 1 2 1 0 2 2 1 0 0 0 0 0 0 0 0 0 0 0 0 0 0 0 0 0 0 0 0 0 0 0 0 0 0 1 0 1 2 0 1 4 3 3 5 7 12 6 11 14 14 19
17 26 32 28 45 49 66 83 102 103 134 160 168 171 203 249 301 366 403 443 523 581 660 669 763 708 648 630 586 502 439 362 322 261 195 182 185 121 91 86 48 56 40 34 28 21 20 9 6 4 1 5 5 4 0 3 1 0 0 1 0 0 0 0 0 0 0 0 0 0 0 0 0 0 0 0 0 0 0 0 0 0 0 0 0 0 0 1 2 7 2 6 2 6 4 6 8 16 9 20
16 23 25 33 39 46 55 68 88 85 116 127 159 204 217 262 266 351 397 491 621 661 795 920 915 896 913 873 750 687 592 516 469 374 298 263 237 192 137 98 103 61 63 47 40 22 19 14 9 8 7 8 3 4 5 2 1 1 0 2 0 1 0 0 1 0 0 0 0 0 0 0 0 0 0 0 0 0 0 0 0 0 0 0 0 1 0 0 1 2 2 2 2 2 3 2 8 7 9 10
8 23 32 23 37 44 55 67 81 78 109 114 154 176 193 261 309 382 470 567 683 840 918 1050 1221 1244 1182 1231 1090 912 811 742 582 504 437 392 297 264 198 145 133 115 84 80 59 44 31 34 21 18 8 11 8 6 5 3 5 2 0 2 2 1 0 0 1 0 0 0 0 0 0 0 0 0 0 0 0 0 0 0 0 0 0 0 0 0 0 1 4 1 5 1 3 8 2 6 2 5 6 11
15 13 19 33 19 38 42 62 64 80 86 123 128 160 215 228 311 389 509 638 728 931 1112 1236 1413 1553 1572 1449 1442 1302 1119 936 783 688 579 539 426 349 316 253 211 202 130 104 86 67 59 43 33 22 19 16 16 9 10 5 4 3 3 2 0 0 2 1 0 0 0 0 0 0 0 0 0 0 0 0 0 0 0 0 0 0 0 0 0 0 0 0 0 0 0 0 5 2 1 3 4 3 8 9
9 15 14 17 23 27 34 41 61 69 86 102 133 144 179 229 289 387 513 658 813 1040 1305 1500 1679 1803 1995 1930 1804 1645 1400 1211 1027 936 808 672 592 452 399 331 268 239 187 174 128 94 68 72 50 33 26 27 28 12 10 13 6 3 5 2 3 1 1 0 0 0 1 0 0 0 0 0 0 0 0 0 0 0 0 0 0 0 0 0 0 0 0 0 0 0 2 0 1 2 7 5 2 6 3 8
16 12 18 19 21 26 34 42 52 66 81 98 133 141 178 237 300 404 513 669 832 1143 1433 1683 1998 2242 2291 2370 2304 2005 1727 1547 1350 1144 986 920 696 601 531 418 362 310 248 180 148 134 104 66 58 39 30 35 18 25 12 9 8 5 4 4 3 3 1 0 1 0 0 0 1 0 0 0 0 0 0 0 0 0 0 0 0 0 0 0 0 0 0 0 0 0 0 0 3 7 2 2 2 2 8 10
7 5 20 26 28 23 34 42 46 69 71 89 101 126 176 182 316 391 489 691 969 1197 1467 1879 2204 2463 2661 2612 2584 2306 2034 1875 1572 1384 1231 1022 872 722 644 547 431 375 276 272 200 149 111 106 77 53 52 30 29 15 18 6 18 8 3 2 3 5 3 1 1 1 1 0 0 0 0 0 0 0 0 0 0 0 0 0 0 0 0 0 0 0 0 0 0 0 0 0 2 0 1 3 3 7 6 5
8 9 13 19 17 27 28 38 48 46 68 67 121 131 174 196 259 367 489 705 858 1295 1580 1946 2343 2673 2906 2933 2837 2720 2296 2098 1875 1608 1389 1179 1048 896 753 688 552 450 377 298 259 190 153 137 95 77 75 54 31 35 22 17 16 8 7 5 8 8 3 0 0 1 1 0 0 2 0 0 0 0 0 0 0 0 0 0 0 0 0 0 0 0 0 0 0 0 0 0 0 1 2 3 3 5 7 6
8 4 4 8 18 19 24 34 38 40 57 60 78 105 168 176 262 314 458 612 910 1189 1524 1881 2242 2652 2987 2853 2968 2732 2519 2210 1954 1713 1504 1254 1136 997 838 721 609 496 435 363 265 247 185 166 125 89 66 58 51 43 22 16 24 14 8 10 9 3 4 5 1 2 1 2 1 0 0 0 0 0 0 0 0 0 0 0 0 0 0 0 0 0 0 0 0 0 1 0 1 1 1 0 3 5 3 9
6 3 7 13 17 18 18 21 30 46 42 69 70 120 138 146 249 317 405 591 813 1089 1415 1797 2241 2506 2842 2981 2903 2750 2594 2245 1997 1748 1590 1420 1248 1060 877 833 648 568 480 408 323 287 207 162 132 112 99 49 68 31 45 34 23 16 13 13 3 7 1 3 0 3 1 2 0 1 0 0 0 0 0 0 0 0 0 0 0 0 0 0 0 0 0 0 0 0 0 0 0 0 1 1 1 0 1 5
4 4 7 7 9 14 16 20 19 30 40 56 79 87 118 149 199 222 380 517 691 919 1215 1641 1955 2310 2695 2678 2737 2675 2541 2247 2021 1823 1587 1515 1228 1103 960 845 784 605 501 468 380 278 247 211 137 113 98 76 76 47 50 23 26 18 10 6 7 8 7 3 0 5 0 1 2 1 2 0 1 0 1 1 0 0 0 0 0 0 0 0 0 0 0 0 0 0 0 0 1 0 1 1 0 0 1 0
3 3 4 9 7 9 7 12 22 24 27 50 59 67 97 129 178 217 344 447 613 859 1155 1445 1809 2045 2265 2500 2401 2403 2314 2034 1917 1746 1668 1572 1332 1184 1010 819 764 636 563 461 396 331 263 208 179 137 111 105 72 64 55 37 31 21 15 8 9 7 7 5 4 2 1 1 2 1 0 3 0 1 0 0 0 0 0 0 0 0 0 0 0 0 0 0 0 0 0 0 0 0 0 0 0 1 0 0
1 0 2 11 6 5 7 8 15 19 34 40 49 73 74 98 122 180 287 336 518 740 942 1203 1499 1797 2036 2173 2247 2102 2157 1967 1882 1711 1618 1512 1330 1230 1009 898 839 691 593 533 414 359 280 229 202 135 110 95 65 72 51 35 41 25 18 10 8 12 2 3 2 0 2 3 0 0 0 0 1 1 0 1 0 0 0 0 0 0 0 0 0 0 0 0 0 0 0 0 0 0 0 1 1 0 1 1
0 0 2 3 9 5 3 5 15 18 15 34 26 65 69 76 112 146 215 337 403 606 787 1091 1315 1598 1781 1847 1941 2035 1896 1872 1720 1693 1618 1485 1351 1234 1127 1019 877 734 682 603 447 440 338 246 233 177 152 128 91 94 72 55 37 28 23 9 13 8 6 5 2 5 2 0 3 0 0 0 2 1 0 0 0 0 0 0 0 0 0 0 0 0 0 0 0 0 0 0 0 1 0 0 0 0 1 1
1 1 3 2 4 5 7 5 7 14 19 25 18 27 54 47 97 133 177 307 331 490 709 881 1123 1290 1630 1733 1832 1775 1744 1662 1602 1562 1599 1478 1354 1328 1179 1031 914 820 795 667 554 477 371 319 290 200 203 158 127 103 81 57 45 26 26 16 15 9 6 5 5 3 3 2 1 2 1 3 3 1 2 0 0 0 0 0 0 0 0 0 0 0 0 0 0 0 0 0 1 0 0 0 0 0 0 2
4 0 1 2 2 1 6 8 11 15 8 11 21 22 38 66 93 115 153 224 337 444 640 787 970 1191 1455 1537 1557 1610 1577 1524 1578 1493 1553 1471 1421 1302 1320 1124 1047 961 833 718 653 543 484 368 331 253 238 184 154 129 96 83 54 42 30 24 19 10 12 7 4 4 4 5 5 1 0 1 1 2 0 0 0 0 0 0 0 0 0 0 0 0 0 0 0 0 0 0 0 0 0 0 0 0 0 0
0 1 1 2 0 0 2 5 3 3 10 13 13 24 37 53 54 91 114 168 276 385 514 647 871 1026 1258 1327 1391 1468 1405 1431 1490 1413 1473 1507 1469 1424 1342 1264 1170 968 908 895 755 671 574 517 400 338 267 222 220 141 114 97 71 51 46 42 23 22 11 5 6 5 11 5 2 3 2 5 1 3 0 0 1 0 0 0 0 0 0 0 0 0 0 0 0 0 0 0 0 0 0 0 0 0 0 1
3 0 0 1 2 1 2 3 6 3 6 6 10 20 31 40 53 61 122 152 221 292 417 524 756 889 1029 1117 1304 1240 1274 1287 1296 1388 1431 1464 1479 1474 1421 1328 1214 1109 1107 937 876 719 644 548 445 378 287 277 222 171 135 117 95 77 58 51 34 26 13 16 8 9 3 2 6 5 7 3 4 3 3 2 0 1 0 0 0 0 0 0 0 0 0 0 0 0 0 0 0 0 0 0 0 0 0 0
0 0 0 0 1 1 2 1 6 1 7 4 6 12 26 28 42 67 93 131 183 252 343 474 628 734 944 1006 1066 1117 1158 1188 1181 1232 1357 1401 1430 1480 1386 1452 1313 1213 1105 991 930 762 743 613 527 442 392 333 271 214 156 153 128 98 67 63 46 24 27 18 20 11 10 6 5 3 2 1 7 1 2 0 0 0 0 0 0 0 0 0 0 0 0 0 0 0 0 0 0 0 0 0 0 0 0 0
0 1 0 1 2 0 1 2 1 3 2 7 7 10 18 27 32 48 69 99 134 170 301 394 513 600 758 884 951 1024 985 998 1105 1130 1203 1382 1480 1352 1432 1444 1341 1260 1212 1094 997 964 827 704 584 536 418 427 307 252 233 153 158 100 97 68 42 41 33 30 20 17 12 5 6 2 6 4 4 3 4 2 0 1 0 0 0 0 0 0 0 0 0 0 0 0 0 0 0 0 0 0 0 0 0 1
0 0 0 0 0 0 0 0 2 1 3 5 3 8 14 15 35 36 54 79 119 166 240 318 417 526 629 695 742 837 877 841 1009 1027 1089 1259 1291 1403 1420 1310 1347 1316 1263 1157 1089 1049 924 838 728 666 514 421 384 302 271 232 181 151 125 84 71 61 45 36 21 23 14 12 8 7 9 3 0 6 3 3 0 0 1 0 0 0 0 0 0 0 0 0 0 0 0 0 0 0 0 0 0 0 0 0
0 0 0 0 0 0 0 1 1 1 3 4 7 9 12 15 18 35 41 73 75 126 176 289 338 457 570 647 667 760 761 792 866 946 1060 1130 1217 1300 1334 1369 1357 1406 1294 1280 1172 1033 930 882 770 719 600 502 454 411 318 273 202 201 161 113 103 60 54 49 29 31 17 7 12 13 2 11 9 6 5 7 1 3 1 0 0 0 0 0 0 0 0 0 0 0 0 0 0 0 0 0 0 0 0 0
0 0 0 0 0 0 0 0 0 0 2 2 5 1 7 17 22 34 31 58 75 98 157 185 284 368 473 495 560 630 696 666 735 835 884 1018 1107 1198 1286 1273 1339 1350 1325 1204 1131 1151 1135 991 954 797 691 644 544 457 358 320 268 221 207 139 120 100 68 58 36 18 20 21 17 12 8 6 8 9 8 3 2 2 6 2 0 0 0 0 0 0 0 0 0 0 0 0 0 0 0 0 0 0 0 0
0 0 0 0 0 0 0 0 0 0 1 2 1 0 4 11 10 20 25 46 56 103 135 154 247 323 356 396 465 517 606 598 689 771 823 919 1014 1118 1236 1294 1306 1312 1263 1336 1275 1282 1279 1098 983 925 793 664 646 541 462 400 339 278 233 195 157 109 90 76 61 41 38 30 18 17 14 11 13 2 7 6 2 2 1 0 0 0 0 0 0 0 0 0 0 0 0 0 0 0 0 0 0 0 0 0
0 0 0 0 0 0 0 0 1 0 0 0 0 4 3 15 13 19 24 25 43 67 115 127 204 226 304 366 391 451 486 561 550 619 721 784 921 1037 1110 1156 1235 1291 1341 1391 1381 1398 1330 1245 1100 1025 942 776 734 633 546 470 421 369 296 239 186 149 102 107 72 73 37 44 25 27 26 18 16 17 7 4 12 4 8 0 0 0 0 0 0 0 0 0 0 0 0 0 0 0 0 0 0 0 0 0
0 0 0 0 0 0 0 0 0 0 0 0 1 4 3 5 5 16 14 22 35 64 79 110 147 216 273 295 340 320 366 451 457 551 606 685 754 946 1002 1086 1212 1170 1385 1388 1413 1429 1394 1329 1256 1065 1032 926 776 779 681 563 505 421 347 311 227 188 150 124 89 93 58 48 29 36 27 23 12 10 14 9 5 4 0 1 1 0 0 0 0 0 0 0 0 0 0 0 0 0 0 0 0 0 0 0
0 0 0 0 0 0 0 0 0 0 0 1 2 0 2 4 2 5 7 22 25 39 71 80 132 158 185 232 253 293 303 346 372 439 501 608 733 824 892 1031 1075 1215 1268 1369 1454 1462 1488 1425 1292 1213 1113 1055 918 811 758 635 572 520 410 358 264 219 187 141 116 103 77 59 45 39 41 32 27 24 12 8 7 4 6 5 2 0 0 1 0 0 0 0 0 0 0 0 0 0 0 0 0 0 0 0
0 0 0 0 0 0 0 0 0 0 1 0 0 0 3 4 4 3 5 13 24 32 53 81 95 136 171 199 240 235 232 266 339 371 476 521 645 692 795 888 973 1112 1229 1276 1379 1462 1452 1415 1500 1295 1273 1135 1086 961 917 796 639 549 471 405 303 260 223 185 139 121 96 67 63 67 40 36 37 22 25 23 10 6 5 2 1 0 1 0 1 1 0 0 0 0 0 0 0 0 0 0 0 0 0 0
0 0 0 0 0 0 0 0 0 0 1 0 2 2 1 3 5 3 5 8 16 30 38 60 80 116 136 165 159 225 210 240 289 327 361 466 579 613 721 733 949 1013 1115 1248 1405 1348 1437 1472 1445 1409 1379 1241 1125 1040 956 780 748 638 576 452 402 324 286 215 168 140 123 106 67 69 65 44 40 26 31 20 13 14 9 3 0 2 1 0 0 0 1 0 0 0 0 0 0 0 0 0 0 0 0 0
0 0 0 0 0 0 0 0 0 0 0 0 0 0 1 1 3 1 3 5 11 30 29 51 70 85 118 114 161 167 195 218 216 291 355 371 455 554 630 673 763 857 1028 1158 1294 1304 1378 1433 1472 1515 1445 1338 1337 1155 1027 928 804 716 645 531 475 368 340 294 214 188 132 133 103 95 69 67 57 30 43 24 18 10 7 8 3 3 1 0 1 0 1 1 0 1 0 0 0 0 0 0 0 0 0 0
0 0 0 0 0 0 0 0 0 0 0 0 0 3 1 1 2 5 2 12 14 19 23 41 63 76 96 113 113 106 142 165 192 249 279 358 383 461 497 591 700 801 874 1016 1100 1186 1296 1363 1487 1431 1480 1418 1365 1294 1164 1079 912 833 730 595 523 433 359 357 263 225 157 150 131 110 81 75 55 52 65 34 23 21 10 11 6 3 1 1 3 2 0 0 0 0 0 0 0 0 0 0 0 0 0 0
0 0 0 0 0 0 0 0 0 0 0 0 0 0 0 3 2 3 2 2 15 15 16 29 40 54 67 73 96 114 123 148 171 198 261 264 312 371 422 487 594 680 769 925 1051 1184 1183 1360 1470 1551 1511 1573 1436 1350 1249 1131 1046 911 752 668 648 529 445 405 339 271 202 170 141 135 115 84 72 71 69 49 34 20 11 7 4 4 2 1 2 3 1 1 0 0 0 0 0 0 0 0 0 0 0 0
0 0 0 0 0 0 0 0 0 0 0 0 1 0 1 2 1 2 6 8 5 8 24 28 31 37 59 61 76 82 89 112 134 165 191 212 259 285 352 412 520 578 715 800 969 1015 1176 1237 1340 1413 1551 1524 1432 1497 1412 1343 1177 1015 869 808 694 624 557 492 393 323 285 222 215 149 128 113 97 76 71 63 44 30 14 8 7 3 6 2 1 3 2 0 0 0 1 0 0 0 0 0 0 0 0 0
0 0 0 0 0 0 0 0 0 0 0 0 0 0 0 2 1 3 2 3 6 11 12 17 14 31 40 44 54 60 74 117 102 128 133 198 237 249 287 354 420 534 613 716 861 953 1088 1198 1279 1335 1426 1497 1510 1460 1393 1407 1207 1111 996 917 805 691 591 538 500 392 306 267 205 210 174 134 127 115 81 64 54 27 19 26 12 5 4 2 0 1 2 0 1 0 0 0 0 0 0 0 0 0 0 0
0 0 0 0 0 0 0 0 0 0 0 0 0 0 0 0 0 1 0 1 3 10 8 13 20 27 32 36 51 50 59 75 88 102 138 141 178 210 261 299 381 412 560 650 675 828 944 1114 1274 1259 1415 1462 1536 1541 1478 1423 1315 1229 1123 1019 940 824 722 654 544 499 395 326 262 278 248 169 148 144 134 88 75 47 21 15 19 13 13 2 0 3 2 1 0 0 0 0 0 0 0 0 0 0 0 0
0 0 0 0 0 0 0 0 0 0 0 0 0 0 0 0 1 0 1 2 4 3 5 13 10 20 27 29 24 50 45 48 68 90 100 113 153 166 215 289 315 359 431 545 610 707 853 968 1081 1194 1336 1393 1462 1464 1524 1471 1332 1270 1222 1126 1057 916 801 706 649 491 438 368 353 306 292 253 207 171 152 114 83 66 36 22 12 10 7 4 5 5 1 3 1 1 0 0 0 0 0 0 0 0 0 0
0 0 0 0 0 0 0 0 0 0 0 0 0 0 0 0 0 1 1 1 1 3 4 3 9 15 23 31 43 36 35 48 66 62 84 91 121 163 181 209 250 289 386 462 531 637 702 843 931 1137 1184 1283 1331 1540 1541 1531 1401 1399 1184 1205 1091 979 944 782 707 610 516 485 445 400 363 301 282 229 183 142 94 67 43 27 24 6 10 7 3 4 6 1 0 1 0 0 0 0 0 0 0 0 0 0
0 0 0 0 0 0 0 0 0 0 0 0 0 0 0 0 0 0 1 1 3 2 2 9 3 8 18 18 22 15 27 38 36 49 73 79 107 112 148 165 203 220 313 398 404 531 623 724 810 969 1034 1160 1208 1401 1420 1408 1537 1434 1326 1294 1179 1088 983 860 766 677 550 536 521 426 421 392 309 267 247 165 125 81 59 42 24 13 13 9 7 11 6 5 1 0 0 0 0 0 0 0 0 0 0 0
0 0 0 0 0 0 0 0 0 0 0 0 0 0 0 0 1 1 1 2 0 1 2 3 3 11 2 18 14 25 19 31 32 37 58 52 70 85 89 132 153 191 263 306 399 411 558 670 716 818 985 1031 1209 1250 1342 1381 1396 1441 1347 1304 1215 1178 1043 1027 862 778 676 589 577 559 457 463 385 334 271 207 163 107 58 47 36 22 17 7 11 6 3 1 4 0 0 0 0 0 0 0 0 0 0 0
0 0 0 0 0 0 0 0 0 0 0 0 0 0 0 0 0 0 0 2 1 4 2 8 4 6 6 11 10 21 20 26 24 28 37 53 68 58 91 119 131 151 198 264 319 404 446 561 661 697 797 926 947 1078 1279 1374 1376 1361 1433 1332 1302 1266 1184 1101 925 818 737 673 667 632 530 527 459 379 316 264 210 124 107 51 42 19 10 18 8 9 4 4 2 4 0 1 0 0 0 0 0 0 0 0
0 0 0 0 0 0 0 0 0 0 0 0 0 0 0 0 0 0 0 0 2 1 1 3 1 4 9 7 8 13 15 15 19 36 37 49 46 55 75 93 120 151 164 252 280 354 390 470 540 616 729 830 903 1048 1117 1223 1340 1334 1408 1396 1333 1294 1262 1156 1083 939 841 824 729 759 677 609 533 458 417 283 230 176 118 62 52 27 22 8 4 6 2 7 2 3 3 1 0 0 0 0 1 0 0 0
0 0 0 0 0 0 0 0 0 0 0 0 0 0 0 0 0 0 0 2 0 1 2 1 4 4 5 7 6 8 10 11 18 14 17 34 44 43 64 72 109 115 138 155 237 294 331 366 469 494 594 669 747 879 1013 1170 1186 1262 1360 1351 1329 1374 1333 1331 1103 1055 994 901 852 833 771 726 677 589 497 383 294 228 148 83 61 38 27 20 14 11 8 4 1 3 3 0 0 0 1 0 0 0 0 0
0 0 0 0 0 0 0 0 0 0 0 0 0 0 0 0 0 0 0 2 0 1 1 1 3 5 5 12 9 8 7 9 9 21 19 24 27 38 32 63 71 75 118 129 178 215 295 326 390 461 488 617 661 808 865 1027 1067 1223 1295 1341 1354 1372 1411 1315 1246 1131 1059 1042 955 904 899 817 775 715 609 471 369 220 181 97 62 45 21 27 20 8 6 7 4 5 2 5 1 0 1 0 0 0 0 0
0 0 0 0 0 0 0 0 0 0 0 0 0 0 0 0 0 0 1 0 1 1 3 2 0 3 3 2 5 2 8 5 6 14 16 20 21 24 48 34 60 75 86 112 152 189 243 251 285 365 435 513 586 723 792 888 979 1085 1163 1304 1327 1370 1457 1361 1289 1249 1223 1118 1068 1086 1025 918 906 877 717 555 407 297 230 135 88 52 33 20 16 13 8 5 6 4 4 3 2 2 1 0 1 0 0 0
0 0 0 0 0 0 0 0 0 0 0 0 0 0 0 0 0 0 0 0 2 1 0 1 1 2 7 3 4 6 4 7 8 11 11 19 16 26 24 38 37 61 74 101 144 146 162 232 254 299 375 414 535 601 707 795 932 1002 1056 1245 1296 1344 1366 1350 1357 1300 1307 1186 1194 1140 1101 1018 991 892 774 662 496 389 237 130 113 63 45 28 19 21 17 15 15 6 3 3 0 5 1 0 0 1 0 0
0 0 0 0 0 0 0 0 0 0 0 0 0 0 0 0 0 0 0 0 2 0 1 1 0 3 2 5 7 6 2 3 1 6 9 13 17 20 29 44 46 52 70 69 99 105 166 185 209 256 276 389 440 566 578 698 744 860 939 1159 1242 1270 1325 1305 1358 1346 1328 1286 1326 1268 1252 1244 1155 1116 925 734 568 418 269 195 112 69 48 41 30 22 24 17 10 1 5 3 2 1 1 0 1 0 1 1
0 0 0 0 0 0 0 0 0 0 0 0 0 0 0 0 0 0 0 1 0 2 1 1 2 2 2 4 2 5 2 6 6 6 7 16 12 13 21 25 38 42 40 64 67 86 115 136 171 195 249 301 375 438 494 614 653 747 882 1019 1062 1129 1272 1283 1355 1406 1468 1341 1351 1419 1383 1409 1256 1132 1125 859 631 475 322 220 154 102 47 39 32 23 17 11 12 11 5 5 0 3 3 2 0 1 0 1
2 0 0 0 0 0 0 0 0 0 0 0 0 0 0 0 0 0 0 1 0 0 0 0 0 3 2 3 2 3 2 1 2 3 8 7 12 9 16 18 27 28 45 55 62 75 105 122 153 146 189 281 325 422 405 513 563 671 747 899 1024 1093 1159 1240 1381 1338 1389 1417 1533 1571 1533 1592 1562 1421 1207 1023 761 581 359 270 179 102 70 48 48 33 22 9 15 8 8 4 8 2 1 2 1 0 2 1
0 0 0 0 0 0 0 0 0 0 0 0 0 0 0 0 0 0 0 0 0 0 1 2 0 0 0 1 1 1 0 2 4 3 3 2 7 10 16 13 20 26 33 46 58 60 76 78 117 156 171 230 258 337 366 450 502 558 715 836 878 1044 1091 1173 1318 1375 1544 1472 1610 1799 1758 1825 1726 1585 1374 1121 888 675 454 331 183 151 91 58 36 38 33 16 17 11 9 8 4 3 5 2 1 2 1 3
0 2 0 1 0 0 0 0 0 0 0 0 0 0 0 0 0 0 0 0 0 1 1 0 0 0 1 1 1 1 2 1 2 6 4 5 5 5 11 14 14 19 33 42 45 60 89 76 111 117 156 208 218 295 347 423 487 515 623 753 814 921 1056 1191 1284 1319 1512 1680 1745 1872 1974 2052 1901 1817 1618 1322 965 754 537 343 255 157 113 71 66 36 25 18 22 21 9 10 7 7 6 1 2 2 0 1
0 2 1 1 0 0 0 0 0 0 0 0 0 0 0 0 0 0 0 0 0 0 0 0 0 1 1 0 1 1 1 3 2 3 1 6 4 7 7 7 15 18 24 35 42 43 52 75 85 119 149 178 215 280 303 352 422 524 621 700 816 962 1058 1185 1297 1410 1617 1837 1937 2122 2134 2284 2267 2064 1885 1535 1185 880 628 464 289 180 130 112 62 40 44 20 22 17 19 10 11 3 9 2 5 2 1 1
1 1 0 1 0 0 0 0 0 0 0 0 0 0 0 0 0 0 0 0 0 0 0 0 0 1 0 0 0 1 1 0 0 2 2 1 4 8 6 15 8 15 13 26 33 43 37 63 80 109 106 140 170 248 284 324 394 487 586 623 745 868 1062 1082 1308 1372 1625 1756 1973 2183 2375 2392 2480 2297 2116 1718 1386 1020 730 537 358 211 147 109 72 50 36 30 23 17 25 11 9 6 9 5 4 1 2 0
0 0 0 0 0 0 0 0 0 0 0 0 0 0 0 0 0 0 0 0 0 0 0 0 0 0 0 0 1 0 0 1 0 1 3 2 1 5 10 6 7 11 17 17 24 34 47 50 78 88 115 159 154 199 263 280 387 449 514 594 762 803 913 1110 1270 1382 1556 1823 1981 2320 2526 2661 2618 2473 2095 1881 1573 1210 833 594 386 277 172 125 75 70 48 34 32 22 18 23 15 6 8 3 3 4 2 0
2 2 1 0 0 1 0 0 0 0 0 0 0 0 0 0 0 0 0 0 0 0 0 0 0 0 0 0 0 0 1 1 0 0 1 4 3 3 2 11 5 5 17 9 25 30 27 49 58 59 79 112 155 187 213 264 324 390 436 524 641 795 922 1014 1128 1258 1569 1719 1941 2270 2462 2676 2643 2533 2357 2007 1652 1256 865 620 417 300 183 135 104 77 55 50 41 28 28 19 15 11 10 7 8 3 4 2
1 2 0 1 1 0 0 0 0 0 1 0 0 0 1 0 1 0 0 0 0 0 0 0 0 0 0 0 1 0 1 1 1 1 1 0 0 2 5 7 10 10 10 7 11 17 32 32 47 62 81 81 107 162 174 225 265 330 367 458 567 722 785 912 1092 1216 1370 1582 1742 2038 2377 2520 2615 2526 2378 2112 1676 1230 968 650 456 351 212 146 110 95 54 54 37 40 27 24 19 14 12 11 7 8 5 8
1 1 2 0 1 1 0 1 0 1 0 1 1 0 0 0 0 0 0 0 0 0 0 0 0 0 0 0 0 0 0 1 0 0 0 0 2 0 2 1 6 5 5 8 16 15 16 33 33 35 58 85 75 117 135 210 227 254 293 383 497 591 680 794 903 1082 1195 1434 1610 1847 2095 2301 2366 2405 2201 1905 1578 1259 898 661 463 338 250 155 111 87 83 65 43 39 24 16 18 20 20 14 18 13 11 3
5 6 1 3 0 1 1 1 2 0 1 0 1 0 1 0 0 0 0 0 0 0 0 0 0 0 0 0 0 0 0 0 0 1 0 1 1 0 1 2 1 1 3 6 15 13 19 17 23 33 40 56 75 78 94 132 134 204 242 326 413 480 549 644 785 893 943 1070 1277 1580 1716 1962 2049 2064 1864 1718 1500 1161 840 641 412 313 216 144 113 85 86 57 49 41 27 39 20 28 18 21 14 9 12 5
5 4 3 2 2 0 0 1 1 1 1 0 3 2 0 0 0 0 0 0 0 0 0 0 0 0 0 0 0 0 0 0 0 0 0 1 0 1 1 1 2 2 2 1 5 5 15 14 17 28 16 48 51 67 81 94 101 149 178 225 277 330 429 449 575 678 746 898 1055 1269 1383 1535 1646 1718 1562 1424 1187 949 738 543 385 278 195 139 97 106 94 65 69 58 31 36 24 34 21 22 10 8 8 6
6 5 2 3 1 0 0 0 0 2 0 0 0 1 0 1 0 0 0 0 0 0 0 0 0 0 0 0 0 0 0 0 0 0 0 1 1 0 0 1 1 3 2 1 8 4 4 9 6 20 14 25 39 56 58 77 93 98 127 167 194 255 309 359 439 503 590 699 725 955 1076 1157 1196 1291 1266 1083 942 802 638 461 320 214 171 132 109 95 88 75 54 63 48 34 27 17 15 17 18 8 7 9
8 5 5 2 1 2 3 0 0 0 0 0 0 0 0 0 0 0 0 0 0 0 0 0 0 0 0 0 0 0 0 0 0 0 0 0 0 0 1 0 4 0 3 3 5 2 2 4 8 8 21 27 29 23 29 46 63 73 109 118 140 171 200 239 285 339 376 489 550 621 715 807 907 934 953 841 705 608 477 340 259 197 165 144 93 93 74 55 50 57 49 40 32 21 26 15 21 14 8 4
9 10 6 6 2 0 1 5 2 1 0 0 0 0 2 1 0 0 0 0 0 0 0 0 0 0 0 0 0 0 0 0 0 0 0 0 1 0 0 0 0 1 2 1 0 0 1 2 4 3 6 11 9 22 24 32 40 50 60 79 108 125 145 136 210 184 261 296 365 432 504 557 621 645 674 642 509 494 396 239 202 178 135 108 96 63 68 61 63 49 59 47 30 23 18 27 18 17 12 8
11 10 6 8 8 6 1 0 1 1 0 1 0 0 0 0 0 0 0 0 0 0 0 0 0 0 0 0 0 0 0 0 0 0 0 0 0 0 0 0 0 1 1 1 2 2 2 3 5 7 10 6 10 7 11 11 21 32 35 48 48 85 96 101 121 151 182 197 250 283 326 382 438 484 425 471 355 335 277 204 142 127 114 97 92 83 69 68 62 59 45 41 36 34 26 22 17 16 19 9
15 10 8 10 9 4 4 2 1 1 0 0 1 0 1 1 0 0 0 0 0 0 0 0 0 0 0 0 0 0 0 0 0 0 0 0 0 0 0 0 0 0 0 0 0 0 1 0 0 1 3 3 4 5 6 9 13 14 30 34 47 42 64 67 80 117 107 146 156 189 234 264 298 303 316 318 320 225 181 158 109 114 103 100 86 80 84 70 87 70 65 44 36 34 32 44 18 25 22 12
21 13 15 8 9 1 6 3 3 4 1 2 2 0 0 1 0 0 0 0 0 0 0 0 0 0 0 0 0 0 0 0 0 0 0 0 0 0 0 0 1 0 0 0 0 0 1 0 1 3 0 3 2 3 6 9 3 11 17 23 23 44 42 46 51 77 58 101 93 120 141 189 188 230 216 200 202 172 155 128 109 99 84 102 101 107 93 97 72 77 68 65 52 48 38 40 34 30 18 31
18 20 13 22 12 4 6 0 3 3 5 1 0 0 0 0 0 0 0 0 0 0 0 0 0 0 0 0 0 0 0 0 0 0 0 0 0 0 0 0 0 0 0 0 0 0 0 0 0 1 0 2 2 4 0 2 9 7 12 12 21 29 22 29 32 53 47 66 67 94 95 153 136 144 139 155 155 152 124 112 112 96 89 99 98 81 116 92 103 83 84 69 57 48 45 56 26 36 28 29
19 26 22 11 16 8 8 8 1 3 2 0 1 0 1 1 0 0 0 0 0 0 0 0 0 0 0 0 0 0 0 0 0 0 0 0 0 0 0 0 0 0 0 0 0 0 0 1 1 2 1 1 0 1 1 0 4 4 6 8 15 8 18 23 19 26 32 45 56 71 79 88 97 91 117 107 112 99 101 91 94 90 101 103 97 105 116 110 109 102 85 89 98 54 71 72 45 43 34 36
31 36 29 21 21 14 7 5 9 4 4 1 2 0 0 0 0 0 0 0 0 0 0 0 0 0 0 0 0 0 0 0 0 0 0 0 0 0 0 0 0 0 0 0 0 0 0 0 0 0 1 1 0 0 1 5 2 4 7 6 5 13 9 13 14 19 21 25 36 58 53 53 77 84 90 101 115 88 102 93 90 103 114 97 107 111 123 112 125 98 103 102 106 89 72 73 64 53 49 34
47 40 34 26 22 21 10 7 12 5 7 5 2 2 0 2 0 0 0 0 0 0 0 0 0 0 0 0 0 0 0 0 0 0 0 0 0 0 0 0 0 0 0 0 0 0 1 0 0 0 0 0 0 1 1 0 1 7 6 6 5 6 14 11 9 6 19 17 29 34 47 63 61 93 73 86 84 94 81 64 71 85 87 90 105 109 137 138 141 117 125 117 112 95 88 79 57 67 58 55
41 35 37 42 27 25 14 16 16 11 4 4 2 5 3 1 0 0 0 0 0 0 0 0 0 0 0 0 0 0 0 0 0 0 0 0 0 0 0 0 0 0 0 0 0 0 0 0 0 0 0 0 0 1 0 1 1 3 0 6 4 1 8 7 6 7 13 20 16 24 28 45 51 63 66 72 57 64 60 64 77 72 85 106 94 145 130 129 154 140 120 135 102 96 97 94 91 57 68 52
52 46 45 42 37 20 22 18 18 9 13 6 3 2 0 1 2 1 0 0 0 0 0 0 0 0 0 0 0 0 0 0 0 0 0 0 0 0 0 0 0 0 0 0 0 0 0 0 0 0 0 0 0 0 0 0 1 0 4 2 3 6 6 5 7 4 7 11 14 24 23 35 41 47 54 43 57 53 74 52 51 65 69 80 96 115 178 139 151 170 159 130 128 121 105 120 101 87 68 77
76 64 69 51 46 36 26 17 19 12 8 6 6 4 7 4 4 0 1 0 0 0 0 0 0 0 0 0 0 0 0 0 0 0 0 0 0 0 0 0 0 0 0 0 0 0 0 0 0 0 0 0 0 0 1 0 1 2 1 2 2 3 2 3 7 7 8 12 13 22 28 30 40 51 43 46 59 62 49 63 56 57 71 80 85 110 121 133 134 147 150 113 139 136 117 109 106 100 92 64
80 76 54 55 45 48 30 19 21 18 10 6 7 5 1 1 4 6 0 0 0 0 0 0 0 0 1 0 0 0 0 0 0 0 0 0 0 0 0 0 0 0 0 0 0 0 0 0 0 0 0 0 0 0 1 0 0 1 0 3 4 1 2 2 6 2 6 2 8 15 20 28 30 28 40 59 32 47 32 46 42 63 66 65 89 116 111 132 143 143 150 140 143 147 158 111 135 105 87 98
89 91 83 59 49 40 42 34 29 23 15 11 9 6 8 6 3 3 3 1 0 1 1 1 0 1 0 0 0 0 0 0 0 0 0 0 0 0 0 0 0 0 0 0 0 0 0 0 0 0 0 0 0 0 0 0 0 0 2 2 1 1 2 4 3 0 4 3 7 4 22 21 23 32 42 29 41 28 37 35 49 41 51 59 82 85 107 118 134 133 137 140 152 147 138 144 116 126 108 115
97 105 75 88 63 62 57 37 29 28 16 22 15 12 9 5 5 3 0 1 2 1 0 0 0 3 0 0 0 0 0 0 0 0 1 1 0 0 0 0 0 0 0 0 0 0 0 0 0 0 0 0 0 0 0 0 1 0 1 2 2 0 0 3 3 3 4 2 6 9 11 12 27 24 31 36 31 32 34 36 34 39 59 60 76 111 93 111 113 121 128 149 153 143 138 132 142 125 106 104
98 99 103 104 83 60 54 48 41 35 26 16 22 16 13 8 8 8 4 6 2 4 2 1 1 1 0 0 1 0 1 0 0 0 0 0 0 0 0 0 0 0 0 0 0 0 0 0 0 0 0 0 0 0 0 0 1 0 0 2 1 1 0 2 4 1 3 3 4 3 10 10 21 15 23 21 30 27 24 20 34 38 38 54 61 89 89 111 110 124 132 141 137 143 154 153 142 110 141 123
131 128 112 100 90 68 61 57 51 46 20 25 21 23 13 11 11 10 5 5 6 2 1 2 1 3 0 1 1 1 0 2 0 0 0 0 1 0 0 0 0 0 0 0 0 0 0 0 0 0 0 0 0 0 0 0 1 0 0 0 0 1 2 0 2 0 0 3 2 7 7 10 8 13 23 24 20 15 15 23 26 30 39 41 76 92 95 91 113 106 123 154 144 146 140 136 150 143 146 124
136 143 126 114 102 100 72 64 58 40 43 28 21 23 18 10 6 11 5 6 5 7 2 4 1 4 2 1 4 3 2 1 0 0 0 1 0 1 0 0 0 0 0 0 0 0 0 0 0 0 0 0 1 1 0 2 1 1 0 0 0 0 0 1 0 1 1 2 2 1 4 5 8 6 21 11 18 18 14 27 30 29 45 57 53 72 75 101 95 130 97 138 158 135 171 181 143 148 133 153
136 135 120 128 101 96 95 66 64 65 38 34 23 29 33 21 10 11 5 10 5 8 4 3 4 5 6 2 2 2 0 3 0 1 0 2 0 0 0 0 0 0 0 0 0 0 0 0 1 0 2 0 0 1 1 0 1 0 0 0 0 0 0 0 1 2 0 0 1 0 3 3 5 10 8 13 6 13 20 18 25 26 31 49 49 55 54 75 76 92 117 117 131 144 156 184 170 166 163 141
153 142 135 133 120 112 111 78 74 52 52 41 45 31 26 18 22 12 11 9 3 5 3 4 4 4 7 5 6 0 0 0 0 0 0 0 0 0 1 1 0 0 0 1 0 0 0 0 0 0 0 0 0 0 0 0 0 0 0 0 0 0 0 0 0 1 2 2 1 2 1 2 6 5 8 6 11 10 14 19 17 21 38 40 57 41 58 79 76 84 100 99 115 142 167 167 166 154 150 175
181 147 131 132 123 114 99 86 76 78 44 56 42 42 45 29 26 22 10 10 6 10 7 5 4 5 4 6 3 1 2 0 3 0 0 0 0 0 0 0 1 0 0 0 0 0 0 0 0 1 0 1 1 0 0 0 0 0 0 0 0 0 0 0 1 1 1 0 0 3 1 2 4 6 9 6 4 11 7 8 14 31 30 30 37 42 51 70 82 92 86 116 135 145 160 143 159 145 155 179
162 147 168 159 148 150 124 108 112 74 74 58 73 45 50 37 33 16 24 25 13 6 12 8 3 10 9 4 4 2 3 2 2 0 2 0 0 0 0 0 0 0 0 0 1 0 0 0 0 0 1 0 0 0 0 0 0 0 0 0 0 0 0 0 0 1 0 1 0 0 2 0 4 2 6 6 4 7 6 7 12 21 19 30 33 41 40 51 63 75 85 89 108 135 111 162 138 172 161 174
