#lt    20.0
#count pbc
#dt    1.0
#dn    20
#edges  -26.59875 -26.066775 -25.5348 -25.002825 -24.47085 -23.938875 -23.4069 -22.874925 -22.34295 -21.810975 -21.279 -20.747025 -20.21505 -19.683075 -19.1511 -18.619125 -18.08715 -17.555175 -17.0232 -16.491225 -15.95925 -15.427275 -14.8953 -14.363325 -13.83135 -13.299375 -12.7674 -12.235425 -11.70345 -11.171475 -10.6395 -10.107525 -9.57555 -9.043575 -8.5116 -7.979625 -7.44765 -6.915675 -6.3837 -5.851725 -5.31975 -4.787775 -4.2558 -3.723825 -3.19185 -2.659875 -2.1279 -1.595925 -1.06395 -0.531975 -3.90798504668e-14 0.531975 1.06395 1.595925 2.1279 2.659875 3.19185 3.723825 4.2558 4.787775 5.31975 5.851725 6.3837 6.915675 7.44765 7.979625 8.5116 9.043575 9.57555 10.107525 10.6395 11.171475 11.70345 12.235425 12.7674 13.299375 13.83135 14.363325 14.8953 15.427275 15.95925 16.491225 17.0232 17.555175 18.08715 18.619125 19.1511 19.683075 20.21505 20.747025 21.279 21.810975 22.34295 22.874925 23.4069 23.938875 24.47085 25.002825 25.5348 26.066775 26.59875
259 241 255 244 256 213 225 183 191 155 121 95 84 78 75 57 45 40 38 24 28 25 18 15 13 7 8 8 7 2 1 1 1 1 1 0 0 0 0 0 0 0 0 0 0 0 0 0 0 0 0 0 0 0 0 0 0 0 0 0 1 0 2 0 0 0 0 0 3 4 3 0 3 3 3 5 5 8 7 15 13 13 15 19 28 46 59 69 96 91 102 112 147 165 169 202 235 243 221 274
283 249 265 281 231 251 231 209 197 167 151 118 104 76 86 61 68 37 48 37 37 20 20 14 10 17 7 13 1 1 3 1 2 0 0 0 0 0 0 0 0 0 0 0 0 0 0 0 0 0 0 0 0 0 0 0 0 0 0 0 0 1 0 1 0 0 0 0 1 2 2 0 0 2 3 4 6 11 6 8 14 19 13 16 21 36 41 53 70 75 84 90 118 169 173 204 191 236 280 247
262 290 286 307 256 246 260 220 199 188 163 106 124 123 85 83 62 58 52 38 39 23 21 29 21 11 10 8 11 4 4 4 1 1 0 0 2 1 0 0 0 0 0 0 0 0 0 0 0 0 0 0 0 0 0 0 0 0 0 0 0 0 1 0 0 0 0 0 0 2 2 1 3 1 5 4 3 10 4 11 6 8 9 21 21 36 39 39 71 80 83 98 105 118 173 150 210 210 247 246
264 280 285 274 286 292 259 259 241 212 199 150 150 119 110 85 76 73 51 42 42 33 29 26 20 20 18 15 5 6 2 3 3 2 0 0 1 0 0 1 0 0 0 0 0 0 0 0 0 0 0 0 0 0 0 0 0 0 0 0 0 0 0 0 2 0 0 0 0 0 0 0 2 0 4 1 4 9 4 6 8 5 9 11 18 25 27 42 45 62 68 70 98 97 114 151 203 195 233 253
260 256 268 294 288 286 261 261 255 229 222 180 163 129 121 111 87 87 72 62 59 37 33 32 26 29 14 17 6 6 5 2 1 1 1 2 0 0 0 0 0 1 0 0 0 0 0 0 0 0 0 0 0 0 0 0 0 0 0 0 0 0 0 0 0 0 0 0 0 0 2 0 0 0 1 4 2 6 5 6 3 8 6 9 11 15 25 24 37 48 65 62 83 84 111 115 129 180 204 217
216 258 251 305 308 323 284 286 276 229 234 194 181 154 137 105 117 85 64 82 74 52 48 36 43 32 30 24 18 14 2 5 3 0 2 2 4 2 0 1 2 0 0 0 0 0 0 0 0 0 0 0 0 0 0 0 0 0 0 0 0 0 0 0 0 0 0 0 1 0 0 0 0 0 0 1 1 4 4 0 8 2 6 4 12 14 15 17 20 50 54 71 73 59 82 110 138 159 197 190
221 222 286 265 253 272 286 325 270 216 246 200 220 185 192 157 112 111 120 104 90 75 61 45 34 22 33 24 14 15 12 3 0 4 4 2 2 0 1 0 1 0 1 0 1 0 0 0 0 0 0 0 0 0 0 0 0 0 0 0 0 0 0 0 0 0 0 0 0 0 0 0 1 0 1 1 1 3 3 2 7 6 5 10 9 9 17 25 30 33 44 48 52 68 82 92 108 119 127 181
199 231 240 278 261 300 300 295 279 280 272 249 225 211 171 151 156 126 127 105 96 78 71 53 65 44 32 25 18 20 13 12 8 8 4 4 1 0 2 2 1 1 1 1 1 0 0 0 0 0 0 0 0 0 0 0 0 0 0 0 0 0 0 0 0 0 0 0 0 0 0 0 0 0 0 0 0 2 1 1 3 3 4 3 9 10 11 13 19 24 25 47 39 30 61 83 109 98 131 181
189 189 232 218 258 260 271 276 292 315 267 266 266 227 248 180 171 161 140 128 121 111 84 63 59 71 40 22 31 28 10 12 5 3 4 1 2 1 2 1 0 0 0 0 0 0 0 0 0 0 0 0 0 0 0 0 0 0 0 0 0 0 0 0 0 0 0 0 0 0 0 0 0 0 0 1 1 1 1 2 3 2 3 8 6 6 15 10 14 13 23 29 43 58 50 77 100 113 122 152
145 160 185 187 213 233 249 254 280 296 324 292 290 277 240 209 193 169 144 150 138 121 105 78 84 59 59 52 39 47 17 14 10 3 6 3 4 1 3 0 1 1 1 0 0 0 0 0 0 0 0 0 0 0 0 0 0 0 0 0 0 0 0 0 0 0 0 0 0 0 0 0 0 0 0 1 0 0 1 2 0 0 1 1 2 7 5 10 11 19 25 23 31 30 43 58 74 102 97 155
146 165 169 185 201 264 258 269 273 284 304 280 288 253 259 245 206 218 187 178 134 121 115 93 96 86 70 52 49 38 24 18 15 7 14 11 5 3 2 1 3 0 0 0 0 0 0 0 0 0 0 0 0 0 0 0 0 0 0 0 0 0 0 0 0 0 0 0 0 0 0 0 0 0 0 0 1 0 0 0 1 1 4 1 5 1 7 10 7 7 12 21 30 32 35 47 58 75 106 99
100 127 150 168 174 192 224 237 259 277 281 276 243 279 257 287 197 241 216 180 158 156 127 113 109 103 84 80 54 38 39 19 18 13 13 10 10 5 2 4 1 0 0 0 3 0 0 0 0 0 0 0 0 0 0 0 0 0 0 0 0 0 0 0 0 0 0 0 0 0 0 0 0 0 0 0 1 1 0 1 1 3 3 0 1 6 3 7 6 7 9 18 25 19 19 24 37 58 69 96
86 103 142 145 164 192 207 234 278 270 280 279 292 300 279 258 255 264 243 233 192 175 162 143 111 142 98 68 66 45 46 29 24 16 12 13 7 6 7 5 4 2 2 0 1 0 1 0 0 0 0 1 0 0 0 0 0 0 0 0 0 0 0 0 0 0 0 0 0 0 0 0 0 0 0 0 0 0 0 0 2 1 2 2 2 4 6 8 7 10 11 11 13 18 27 27 36 49 59 90
83 98 110 115 144 148 212 232 224 256 256 265 275 306 300 281 294 275 272 230 244 214 201 167 148 126 117 81 78 57 44 27 28 15 23 15 9 6 9 5 4 3 2 4 1 1 1 0 0 1 0 0 0 0 0 0 0 0 0 0 0 0 0 0 0 0 0 0 0 0 0 0 0 0 0 0 0 0 0 1 2 1 1 2 5 3 1 5 3 6 7 11 15 21 17 17 26 40 42 73
54 83 95 109 117 165 175 202 201 262 245 264 291 303 277 284 302 282 289 246 284 270 236 202 172 150 147 105 81 63 51 55 42 18 19 16 14 14 12 9 8 5 5 5 2 3 0 0 0 0 0 0 0 0 0 0 0 0 0 0 0 0 0 0 0 0 0 0 0 0 0 0 0 0 0 0 0 0 0 1 1 0 2 1 0 1 1 3 4 4 11 7 7 16 21 22 13 30 45 48
44 64 86 93 88 144 145 192 198 204 234 243 271 275 305 300 291 283 328 338 331 270 244 243 238 173 152 132 116 101 74 60 41 39 34 21 25 14 18 16 11 10 5 4 2 3 0 3 0 1 0 0 1 0 0 0 0 0 0 0 0 0 0 0 0 0 0 0 0 0 0 0 0 0 0 0 0 0 0 0 4 0 0 0 1 0 1 4 4 3 8 9 6 12 12 18 12 19 32 36
36 45 65 88 92 97 125 150 170 192 210 231 290 306 303 311 341 325 329 341 289 303 291 265 244 224 186 170 139 94 81 86 55 60 35 28 27 16 27 20 12 7 8 5 5 0 0 0 1 0 0 0 0 0 0 0 0 0 0 0 0 0 0 0 0 0 0 0 0 0 0 0 0 0 0 0 0 0 0 0 0 0 0 3 2 3 1 2 1 6 3 6 8 10 7 10 24 26 19 33
37 54 50 63 79 95 129 131 162 177 207 237 247 262 270 348 330 345 347 358 364 358 353 299 308 255 247 203 180 146 120 95 68 64 57 32 31 35 24 14 21 9 7 7 3 3 2 5 1 0 0 1 0 2 1 0 0 0 0 0 0 0 0 0 0 0 0 0 0 0 0 0 0 0 0 0 0 0 0 0 0 2 2 2 1 1 1 3 2 2 4 8 5 6 7 12 10 17 15 26
25 37 60 67 90 103 92 115 131 180 183 206 237 261 248 353 316 367 384 409 396 430 403 423 373 349 295 239 191 196 161 115 99 94 72 62 53 51 28 31 17 9 12 11 5 2 4 6 1 2 0 0 0 0 0 0 0 0 0 0 0 0 0 0 0 0 0 0 0 0 0 0 0 0 0 0 0 0 0 1 1 0 2 0 0 0 1 1 3 0 3 2 4 5 9 12 13 14 24 25
35 33 38 56 63 73 103 100 137 151 174 216 236 232 254 292 340 323 395 415 414 409 475 454 412 404 408 387 320 261 243 146 186 110 106 93 76 64 49 46 37 21 9 11 8 4 8 5 1 5 2 5 0 0 0 0 0 0 0 0 0 0 0 0 1 1 0 0 0 0 0 0 0 0 0 0 0 0 0 1 0 0 1 0 0 1 0 1 0 5 0 0 1 8 5 6 11 7 10 30
22 36 41 61 43 63 79 99 126 121 153 188 180 198 260 300 329 359 377 442 462 498 535 586 552 540 502 453 375 360 274 238 215 171 128 133 96 81 67 46 35 35 25 15 20 13 7 4 2 7 3 3 3 1 1 1 0 0 0 0 0 0 0 0 0 0 0 0 0 0 0 0 0 0 0 0 0 0 0 0 0 1 0 0 0 0 0 2 2 1 3 3 4 1 4 9 9 15 11 11
21 9 30 31 52 59 67 75 97 120 123 146 168 196 248 265 312 381 397 404 447 543 620 669 664 623 579 578 531 454 390 316 268 234 212 160 139 123 90 70 67 49 33 36 26 13 10 7 2 4 2 3 2 1 1 1 2 0 0 0 0 0 1 1 0 0 2 0 0 0 0 0 0 0 0 0 0 0 0 0 0 1 0 0 0 0 0 1 1 0 0 1 1 6 2 8 8 12 14 14
17 22 29 42 40 52 60 85 86 90 132 134 148 172 251 250 292 331 394 499 529 596 670 714 733 773 746 682 673 534 478 407 358 313 234 215 165 143 134 112 86 63 63 39 37 25 25 21 12 7 6 3 2 4 0 0 0 2 1 1 2 0 0 0 1 0 0 1 0 0 0 0 0 0 0 0 0 0 0 0 0 1 0 0 0 0 0 0 1 3 1 6 4 4 2 2 8 10 12 12
9 16 18 22 29 44 58 70 87 69 92 122 128 188 190 216 289 334 379 453 566 613 742 747 867 852 872 840 799 732 629 489 456 387 378 267 215 181 169 137 119 80 70 65 46 44 41 25 15 7 4 6 5 4 2 5 6 4 1 3 0 1 0 0 1 0 0 0 0 0 0 0 0 0 0 0 0 0 0 0 0 0 0 0 1 0 0 1 0 0 1 1 1 2 2 1 5 8 12 7
13 12 17 19 21 29 44 52 50 79 89 110 144 145 193 219 261 282 392 443 552 655 723 850 987 1049 1025 1017 939 834 749 635 543 465 424 373 294 252 201 177 149 113 101 61 64 57 39 24 30 14 8 9 8 4 4 1 4 8 3 3 2 2 0 0 1 0 1 0 1 1 0 0 0 0 1 0 0 0 0 0 0 0 0 0 1 0 0 0 0 0 0 0 1 1 4 1 3 5 9 17
9 6 16 15 24 20 41 41 60 68 77 96 118 143 148 187 209 289 321 423 507 640 757 923 1010 1152 1213 1149 1118 1009 878 769 672 583 465 405 346 274 220 214 145 136 142 76 74 63 55 55 37 29 14 11 9 8 5 5 3 9 5 3 1 1 1 1 0 0 0 0 0 0 0 0 0 0 1 0 0 0 0 0 0 0 0 0 0 0 0 0 0 0 1 0 1 2 3 2 3 4 7 7
11 13 19 15 17 28 26 42 52 50 65 80 101 126 133 170 184 230 282 385 523 617 761 904 1043 1165 1196 1192 1219 1051 975 782 734 634 533 463 417 352 305 240 218 164 130 125 103 66 56 50 43 29 21 18 12 13 6 5 9 10 6 2 2 0 2 2 1 2 1 0 1 1 1 0 0 0 0 0 0 2 0 0 0 0 0 0 0 0 0 0 0 2 1 1 0 2 0 3 1 3 7 2
6 7 7 12 14 17 15 20 34 37 62 73 85 96 101 143 145 216 273 307 434 563 735 834 1064 1091 1269 1303 1193 1150 1016 935 820 671 604 529 493 441 334 266 240 171 152 105 103 98 74 61 37 33 32 25 23 17 11 5 9 9 2 5 4 3 3 1 2 1 0 1 0 1 0 0 0 2 0 1 0 0 0 0 0 0 0 0 0 0 0 0 0 0 0 3 1 0 0 2 2 1 4 6
2 9 4 8 20 6 14 23 23 32 41 54 61 76 105 97 131 187 229 315 375 523 681 762 953 1096 1139 1273 1172 1112 1019 895 804 757 615 589 513 484 356 340 252 221 178 141 118 80 79 80 48 46 28 20 14 9 7 13 6 9 6 7 4 4 0 2 3 1 3 0 0 0 2 0 2 0 2 0 1 0 0 0 0 0 0 0 0 0 0 1 1 1 0 1 0 0 0 1 0 2 3 4
3 3 5 7 3 4 8 15 21 25 31 43 47 77 71 74 112 138 198 276 326 439 571 672 866 993 1053 1190 1110 1065 1006 893 823 747 640 580 535 475 469 334 286 202 204 186 128 106 77 83 55 46 40 38 21 26 15 9 15 8 6 7 5 1 4 2 2 2 1 0 2 1 1 0 0 0 1 0 0 0 0 0 0 0 0 0 0 0 0 0 2 0 1 1 0 0 0 1 2 0 4 5
2 4 3 4 1 6 7 18 23 23 16 28 39 44 50 88 98 123 165 211 324 361 454 614 715 844 961 1007 1048 993 946 833 785 717 687 602 527 463 459 389 272 262 228 172 134 104 99 87 68 41 45 40 26 22 21 16 16 5 8 11 5 3 1 2 0 0 2 0 0 0 2 2 0 0 0 0 0 0 0 0 0 0 0 0 0 0 0 0 1 0 0 0 0 0 1 0 0 2 0 1
4 3 3 4 6 6 4 3 15 19 23 17 25 35 56 61 70 81 139 189 245 293 384 500 650 738 838 878 891 917 826 834 774 678 630 572 546 491 430 399 332 341 244 175 126 112 106 85 68 54 52 45 43 25 14 14 15 8 6 11 4 4 7 1 1 2 1 1 1 0 0 1 0 1 0 0 0 0 0 0 0 0 0 0 0 0 0 0 0 1 0 0 1 2 1 0 0 0 0 5
3 0 0 2 3 4 1 6 5 10 17 18 22 34 44 51 72 61 104 138 213 273 339 444 529 681 733 819 808 862 756 739 735 724 644 604 605 525 491 416 369 310 258 211 165 147 100 98 89 60 63 43 45 33 26 23 14 13 10 9 4 2 5 5 2 2 2 3 2 1 2 1 0 0 0 1 0 0 0 0 0 0 0 0 0 0 0 0 0 0 1 0 0 0 0 1 1 1 0 1
2 1 0 2 3 1 1 5 4 12 9 9 11 21 29 32 47 65 82 117 165 202 278 391 488 576 628 668 716 718 706 730 689 706 660 639 595 514 530 458 396 338 290 256 205 152 161 108 102 75 59 48 58 51 34 28 24 20 16 13 10 6 14 5 7 1 1 0 0 0 1 2 1 0 1 0 0 0 0 0 0 0 0 0 0 0 0 0 0 0 0 0 0 0 0 1 0 0 1 1
0 0 0 2 0 2 1 4 4 5 6 8 14 24 22 32 32 56 72 101 143 204 238 313 375 502 562 578 675 690 668 654 685 635 641 618 584 582 530 469 428 355 299 249 237 185 202 143 128 105 88 63 47 40 31 50 19 19 17 11 12 7 7 5 4 2 2 0 0 2 0 0 1 2 0 1 0 0 1 0 0 0 0 0 0 0 0 0 0 0 0 0 0 0 0 0 1 0 0 1
0 0 0 0 0 1 0 1 2 3 2 7 9 15 16 30 27 32 66 57 115 155 224 236 346 427 459 547 557 561 619 588 639 645 632 650 620 634 539 528 460 431 350 311 287 241 224 196 136 139 111 93 62 57 60 31 26 19 13 13 15 9 6 4 3 1 3 1 0 0 1 1 1 1 0 0 0 0 1 0 0 0 0 0 0 0 0 0 0 0 0 0 0 0 1 0 1 0 0 0
0 0 0 0 0 1 1 1 3 5 4 2 7 16 16 16 26 29 56 72 92 118 205 253 296 318 435 479 527 504 566 558 600 557 618 610 618 585 518 539 473 421 428 336 299 308 264 228 177 139 105 119 81 90 65 56 45 30 22 14 24 15 10 11 5 2 1 3 5 0 0 1 1 1 1 0 0 1 0 0 0 0 0 0 0 0 0 0 0 0 0 0 0 0 0 0 0 0 0 0
0 0 0 0 0 0 1 1 0 2 1 5 10 6 8 16 12 19 37 48 77 100 136 203 235 332 376 406 417 458 496 520 495 557 592 601 595 568 546 539 527 489 451 416 352 352 310 246 218 157 151 130 105 89 74 53 41 27 33 21 14 12 11 12 9 6 4 4 5 5 2 1 2 1 0 0 0 0 1 0 0 0 0 0 0 0 0 0 0 0 0 0 0 0 0 0 0 0 0 0
0 0 1 0 0 0 1 2 0 0 2 3 1 4 10 3 22 29 29 31 78 110 124 168 198 250 292 340 369 427 417 383 483 490 504 553 541 565 600 546 559 555 442 443 422 372 319 283 237 210 205 142 125 110 95 90 54 48 43 31 20 16 19 15 10 16 14 4 7 4 1 4 4 2 2 1 2 1 0 0 0 0 0 0 0 0 0 0 0 0 0 0 0 0 0 0 0 0 0 0
0 0 0 0 0 0 0 1 1 2 1 1 2 8 3 3 13 17 24 35 45 71 97 137 187 239 254 283 316 331 316 405 394 417 437 482 506 586 581 588 545 549 557 484 468 426 368 332 280 251 212 191 121 126 106 93 68 52 55 32 27 18 13 14 16 13 10 7 7 9 6 5 4 2 0 2 1 0 0 0 0 0 0 0 0 0 0 0 0 0 0 0 0 0 0 0 0 0 0 0
0 0 0 1 0 1 0 1 0 2 0 4 6 3 7 7 2 12 15 24 28 61 74 114 143 167 186 261 243 274 285 286 349 374 400 454 499 497 541 551 572 548 551 527 469 454 427 349 340 297 274 200 181 163 148 108 85 69 45 35 33 25 21 13 18 14 12 6 5 3 2 4 2 2 2 1 0 0 0 0 0 0 0 0 0 0 0 0 0 0 0 0 0 0 0 0 0 0 0 1
0 0 0 0 0 0 0 0 0 1 0 1 1 3 6 8 6 10 18 24 34 65 61 101 125 131 160 183 246 250 224 252 253 306 367 394 476 477 504 566 534 541 571 546 586 495 452 422 377 337 289 250 231 181 176 136 105 92 63 40 43 34 19 22 16 21 6 16 9 1 7 3 5 3 3 3 0 0 0 0 0 0 0 0 0 0 0 0 0 0 0 0 0 0 0 0 0 0 0 0
0 0 0 0 0 0 0 0 0 0 0 1 0 2 4 6 13 11 8 27 27 34 58 71 98 111 145 145 175 191 209 227 241 306 309 374 400 445 486 525 541 565 630 563 550 539 502 495 449 376 364 301 250 201 187 177 132 93 77 77 39 38 33 30 16 17 23 13 4 8 5 13 6 9 4 1 1 0 0 0 0 0 0 0 0 0 0 0 0 0 0 0 0 0 0 0 0 0 0 0
0 1 0 0 0 0 0 0 0 0 0 1 2 0 1 7 9 11 9 17 21 35 55 59 69 109 119 119 143 176 157 187 204 220 270 336 335 407 432 451 456 559 584 574 576 624 559 493 435 479 366 345 282 255 223 188 169 121 95 71 60 41 46 25 15 21 20 17 19 8 11 7 9 11 6 4 3 2 1 0 0 0 0 0 0 0 0 0 0 0 0 0 0 0 0 0 0 0 0 0
0 0 0 0 0 0 0 0 0 0 0 0 1 0 2 3 7 13 10 21 21 23 32 47 62 94 86 102 117 126 165 179 169 214 241 274 322 349 364 419 472 504 503 578 582 601 576 560 551 463 436 354 333 279 276 228 184 143 104 98 73 61 49 42 32 21 24 18 17 13 18 15 7 6 9 4 2 0 2 0 2 0 0 0 0 0 0 0 0 0 0 0 0 0 0 0 0 0 0 0
0 0 0 0 0 0 0 0 0 0 0 1 1 1 2 6 5 5 11 17 16 16 19 44 59 74 82 84 79 126 123 127 149 205 217 258 280 330 360 358 425 502 537 588 591 630 620 633 533 510 458 456 357 333 306 246 214 176 127 124 83 82 61 52 41 30 27 19 20 20 16 13 8 7 11 7 1 3 3 1 0 0 0 0 0 0 0 0 0 0 0 0 0 0 0 0 0 0 0 0
0 1 0 0 0 0 0 0 0 0 0 0 0 4 0 6 6 4 11 18 12 17 23 28 35 48 51 89 89 93 110 134 133 164 205 222 266 264 317 377 381 445 500 518 599 603 636 650 584 634 479 457 449 355 339 287 248 205 171 152 123 85 68 58 43 46 32 34 29 33 21 18 12 11 7 7 1 4 3 1 1 0 0 0 0 0 0 0 0 0 0 0 0 0 0 0 0 0 0 0
0 0 0 0 0 0 0 0 0 0 0 0 3 1 2 3 5 4 9 6 6 16 15 31 45 53 52 60 82 89 96 92 121 125 152 189 225 259 305 316 373 411 496 479 550 572 654 612 627 591 566 470 494 435 360 314 293 243 181 184 141 103 106 78 80 59 42 37 32 36 20 21 18 20 7 10 9 5 5 2 1 0 0 0 0 0 0 0 0 0 0 0 0 0 0 0 0 0 0 0
0 0 0 0 0 0 0 0 0 0 0 0 3 1 0 2 1 3 9 6 11 10 13 23 30 41 42 48 59 61 63 93 120 122 136 167 185 224 251 286 325 365 420 472 481 568 620 601 585 581 570 523 494 483 416 387 310 272 235 208 172 126 128 108 64 57 58 55 38 38 30 26 28 15 15 12 4 8 3 5 2 0 0 0 0 0 0 0 0 0 0 0 0 0 0 0 0 0 0 0
0 0 0 0 0 0 0 0 0 0 0 0 1 1 0 0 1 3 3 3 9 11 9 22 28 28 36 37 29 51 71 79 73 79 111 141 174 176 224 240 274 326 356 424 471 511 564 629 613 549 623 579 548 466 494 392 387 313 296 240 207 163 123 129 98 97 97 59 46 42 45 33 31 17 16 16 13 5 4 1 4 0 1 0 0 0 0 0 0 0 0 0 0 0 0 0 0 0 0 0
0 0 0 0 0 0 0 0 0 0 0 0 0 0 0 0 0 0 3 1 3 6 3 16 13 21 24 25 28 37 48 49 63 61 81 119 128 163 182 201 229 276 318 370 400 461 506 553 632 589 553 568 596 541 486 459 404 380 321 284 259 220 175 147 118 101 102 85 65 46 56 42 26 26 32 20 19 9 8 3 5 2 0 1 0 0 0 0 0 0 1 0 0 0 0 0 0 0 0 0
0 0 0 0 0 0 0 0 0 0 0 0 1 0 1 0 0 1 2 3 4 3 7 4 4 15 21 20 23 30 27 36 45 66 62 77 103 128 132 171 186 227 299 338 384 411 465 531 545 602 547 591 606 557 503 508 461 426 353 324 275 241 221 196 153 144 99 91 75 60 61 39 34 34 29 30 17 11 9 7 4 0 1 0 0 0 0 0 0 0 0 0 1 0 0 0 0 0 0 0
0 0 0 0 0 0 0 0 0 0 0 0 0 0 0 0 0 2 3 2 1 5 3 10 11 18 14 18 20 23 31 28 32 37 60 65 75 94 136 150 180 226 256 278 326 368 412 493 500 542 563 575 541 625 546 553 479 422 399 356 316 280 232 185 215 159 122 113 108 92 67 62 55 37 39 29 23 20 11 8 5 4 2 0 0 0 0 0 0 0 0 0 0 0 0 0 0 0 0 0
0 0 0 0 0 0 0 0 0 0 0 0 0 0 0 0 0 2 1 3 1 4 0 6 4 5 9 10 28 14 16 23 27 35 56 59 78 90 100 135 155 213 251 257 300 349 387 427 495 492 536 543 563 577 561 539 501 477 412 410 415 315 266 246 188 172 125 126 97 112 96 74 63 58 51 54 22 24 11 7 6 3 0 0 0 0 0 0 1 0 0 0 0 0 0 0 0 0 0 0
0 0 0 0 0 0 0 0 0 0 0 0 0 0 0 0 0 0 1 1 1 1 2 5 3 3 3 9 21 14 19 18 19 34 34 43 66 61 89 115 151 186 192 257 236 317 366 412 423 446 517 513 525 585 567 536 552 525 512 448 398 344 317 260 236 193 178 150 136 117 104 80 68 73 65 43 38 18 14 16 6 2 0 4 0 0 2 0 0 0 0 0 0 0 0 0 0 0 0 0
0 0 0 0 0 0 0 0 0 0 0 0 0 0 0 0 0 0 0 0 0 0 2 0 2 5 7 10 10 12 19 18 22 31 21 34 44 53 71 91 122 158 192 199 215 252 292 304 395 438 473 486 523 570 564 599 559 538 491 466 400 400 327 301 256 262 232 175 162 169 134 115 119 103 87 45 53 36 18 11 9 4 2 1 1 2 1 0 0 1 0 0 0 0 0 0 0 0 0 0
0 0 0 0 0 0 0 0 0 0 0 0 0 0 0 0 0 0 0 0 0 1 1 0 3 3 6 7 6 13 8 16 10 24 22 34 38 39 66 70 81 97 128 160 184 200 247 274 333 375 393 425 469 487 577 539 541 527 446 527 444 411 380 338 314 288 227 202 189 195 144 143 130 118 94 80 45 35 13 15 12 7 4 0 0 1 2 2 2 0 1 1 0 0 0 0 0 0 0 0
0 0 0 0 0 0 0 0 0 0 0 0 0 0 0 0 0 0 0 0 0 1 0 0 6 2 3 8 6 6 8 13 12 8 17 23 27 28 42 58 83 81 99 129 157 199 198 240 291 342 349 421 468 454 519 579 558 578 518 501 500 445 414 354 343 301 283 232 245 172 189 166 154 128 116 85 63 45 36 24 15 7 4 2 2 1 0 1 1 0 0 0 0 0 0 0 0 0 0 0
0 0 0 0 0 0 0 0 0 0 0 0 0 0 0 0 0 0 0 0 0 0 1 0 1 4 2 4 2 5 5 5 9 12 20 22 17 27 28 60 64 73 68 102 112 149 177 206 244 295 329 362 362 444 442 464 481 491 488 467 473 431 482 420 360 360 318 265 272 222 209 225 180 177 141 109 80 54 46 26 21 11 5 4 3 0 0 1 1 0 1 0 0 0 0 0 0 0 0 0
0 0 0 0 0 0 0 0 0 0 0 0 0 0 0 0 0 0 0 0 0 0 0 0 0 4 6 3 3 1 2 2 12 5 8 8 26 22 33 30 46 61 76 110 94 115 162 169 217 267 314 328 348 378 448 457 494 479 489 503 502 510 437 432 458 360 385 336 302 251 238 257 216 186 198 140 94 56 32 25 21 10 10 5 6 2 3 2 0 1 0 0 0 0 0 0 0 0 0 0
0 0 0 0 0 0 0 0 0 0 0 0 0 0 0 0 0 0 0 0 0 0 0 0 3 1 0 2 4 4 2 2 3 8 8 10 16 19 22 39 43 43 56 59 84 127 120 163 162 224 246 269 344 353 406 445 414 501 428 481 473 511 499 499 484 434 378 367 364 300 326 309 278 216 203 178 124 73 50 49 29 13 7 6 4 7 2 1 1 2 0 0 1 0 0 0 0 0 0 0
0 0 0 0 0 0 0 0 0 0 0 0 0 0 0 0 0 0 0 0 0 0 0 0 0 1 1 0 2 0 3 1 5 6 9 10 11 18 19 25 28 31 54 53 76 84 109 122 150 173 183 258 275 317 342 410 408 420 477 427 500 528 538 538 488 461 417 402 382 331 348 296 279 280 240 204 155 114 87 57 35 29 10 7 4 4 4 3 1 0 3 1 1 0 0 0 0 0 0 0
0 0 0 0 0 0 0 0 0 0 0 0 0 0 0 0 0 0 0 0 0 0 0 0 0 0 3 1 0 1 1 2 1 4 1 11 7 16 11 19 29 27 41 46 45 59 77 121 125 147 181 228 268 277 318 352 371 418 433 491 487 497 550 528 587 495 458 447 400 401 396 368 360 333 310 226 170 114 98 57 41 26 16 15 5 4 2 2 2 2 1 2 1 0 0 0 0 1 0 0
0 0 0 0 0 0 0 0 0 0 0 0 0 0 0 0 0 0 0 0 0 0 0 0 0 0 0 1 0 0 0 2 0 1 4 9 5 5 5 13 10 15 16 48 50 63 68 80 96 116 142 194 199 257 273 322 315 379 424 452 493 497 497 550 534 531 476 515 466 421 423 433 414 387 313 236 218 147 102 91 52 33 24 26 9 5 5 5 5 0 1 4 0 1 0 0 0 0 0 0
0 0 0 0 0 0 0 0 0 0 0 0 0 0 0 0 0 0 0 0 0 0 0 0 0 0 0 0 0 0 0 1 2 3 2 3 3 10 18 8 15 19 19 25 26 39 51 65 101 111 130 148 170 230 225 269 290 363 387 418 483 554 526 551 588 535 496 516 490 564 543 512 469 392 392 328 234 191 123 94 66 48 25 20 16 10 10 3 4 7 1 0 0 0 0 1 1 0 0 1
0 0 0 0 0 0 0 0 0 0 0 0 0 0 0 0 0 0 0 0 0 0 0 0 0 0 0 0 0 0 2 1 1 1 1 4 0 7 8 6 10 16 23 25 21 40 32 58 62 84 122 130 157 188 206 257 297 311 328 406 419 463 511 507 525 505 585 500 590 610 569 590 515 518 430 371 265 237 135 110 79 48 35 24 14 12 11 7 6 1 5 3 1 0 0 0 0 0 0 0
0 0 0 0 0 0 0 0 0 0 0 0 0 0 0 0 0 0 0 0 0 0 0 0 0 0 0 0 0 0 1 0 2 2 2 1 6 5 4 8 11 8 17 17 23 23 37 31 49 72 97 102 153 137 175 212 245 292 347 389 412 456 505 473 524 538 547 559 646 586 700 655 568 560 481 401 394 275 183 125 97 66 43 34 25 17 10 6 10 6 1 3 5 1 1 0 0 0 0 0
0 0 0 0 0 0 0 0 0 0 0 0 0 0 0 0 0 0 0 0 0 0 0 0 0 0 0 0 1 0 0 1 0 0 1 2 1 6 5 5 5 7 11 13 19 23 20 44 38 69 80 80 111 135 165 209 192 248 280 326 383 432 425 478 543 565 617 580 693 722 752 680 680 644 590 514 394 298 241 161 105 59 36 30 25 20 16 11 15 9 6 6 3 4 2 2 0 1 0 0
0 0 0 0 0 0 0 0 0 0 0 0 0 0 0 0 0 0 0 0 0 0 0 0 0 0 0 0 0 0 0 1 0 0 1 0 3 2 3 2 2 6 7 13 10 20 21 28 27 53 67 99 102 116 146 173 200 276 292 293 370 371 457 440 498 549 643 706 756 849 815 788 853 765 682 595 461 387 260 203 138 107 56 54 25 26 21 18 14 10 15 7 3 3 1 2 0 1 0 0
1 0 0 0 0 0 0 0 0 0 0 0 0 0 0 0 0 0 0 0 0 0 0 0 0 0 0 0 0 0 0 0 1 2 1 0 0 1 2 1 3 5 2 8 8 16 13 32 35 53 60 75 97 107 129 160 159 230 237 311 321 340 400 436 544 527 665 692 774 947 952 984 923 850 817 722 559 437 336 291 171 120 81 59 42 36 41 22 16 22 10 3 9 6 3 3 2 1 1 0
2 0 2 0 0 0 0 0 0 0 0 0 0 0 0 0 0 0 0 0 0 0 0 0 0 0 0 0 0 0 0 0 0 0 1 2 0 0 0 1 1 1 3 2 10 12 8 21 32 38 49 71 85 100 121 147 150 200 238 247 290 352 380 429 501 637 653 740 876 924 1014 1029 1033 1008 856 825 665 526 359 293 213 129 114 71 67 47 34 29 28 16 18 10 9 10 5 5 5 1 1 3
2 1 0 1 0 0 1 0 0 0 0 0 0 0 0 0 0 0 0 0 0 0 0 0 0 0 0 0 0 0 0 0 0 0 0 1 1 0 2 1 3 2 5 10 6 12 12 15 27 31 44 53 62 80 94 123 121 171 216 273 265 309 388 417 522 624 681 763 830 992 1029 1207 1145 1067 1024 841 759 591 468 341 232 176 141 117 90 53 37 49 34 29 28 16 15 12 6 12 4 3 1 1
3 1 0 0 2 0 1 0 0 0 0 0 0 0 0 0 0 0 0 0 0 0 0 0 0 0 0 0 0 0 0 0 0 0 1 2 2 0 0 2 3 2 6 5 7 8 15 13 12 25 33 48 53 66 75 93 119 154 165 186 287 282 357 424 488 534 598 737 879 978 1040 1159 1140 1155 1099 946 824 638 491 371 282 191 151 116 97 98 56 50 57 41 23 19 19 20 17 15 5 13 11 6
1 4 4 2 0 0 0 0 1 0 0 0 0 0 0 0 0 0 0 0 0 0 0 0 0 0 0 0 0 0 0 0 0 0 0 0 1 1 0 0 1 1 3 6 7 5 8 8 16 21 26 34 43 61 81 77 91 150 155 186 268 287 337 398 441 517 568 699 738 868 987 1132 1137 1168 1199 970 794 682 562 448 267 259 177 148 99 81 71 61 38 52 37 36 22 21 13 9 12 11 11 6
8 4 4 3 0 1 0 0 0 0 0 3 0 0 0 0 0 0 0 0 0 0 0 0 0 0 0 0 0 0 0 0 0 0 1 1 0 0 1 1 2 3 3 1 5 3 7 10 16 26 15 28 25 41 53 88 92 124 151 185 197 245 296 329 364 434 516 641 695 837 950 1052 1115 1115 1042 1037 777 715 507 426 347 247 174 124 119 83 87 80 62 63 44 47 28 22 16 16 14 9 9 9
7 10 5 3 2 1 0 0 0 2 0 0 0 0 1 0 0 0 0 0 0 0 0 0 0 0 0 0 0 0 0 0 0 0 0 0 0 0 0 1 1 1 1 3 2 3 3 4 6 8 11 25 17 34 44 61 65 65 107 137 164 208 250 295 329 331 436 469 625 723 790 929 1027 1029 941 903 828 676 528 468 285 265 176 182 111 103 99 91 76 53 63 41 40 32 30 25 14 10 12 8
12 9 3 3 2 0 0 0 0 1 3 1 1 0 0 0 0 0 0 0 0 0 0 0 0 0 0 0 0 0 0 0 0 0 0 0 0 0 0 0 0 1 0 1 2 2 3 3 5 9 11 21 20 24 37 38 49 61 74 103 109 132 177 202 251 282 342 399 518 593 637 732 856 835 836 784 681 604 525 397 298 242 183 168 139 134 98 92 78 91 71 59 58 36 27 21 14 12 15 7
7 9 9 5 4 4 0 1 1 1 0 0 0 0 0 0 0 0 0 0 0 0 0 0 0 0 0 0 0 0 0 0 0 0 0 0 0 0 0 0 0 0 1 0 0 1 2 3 4 8 10 8 19 22 32 21 51 51 53 61 91 93 130 134 175 221 259 291 362 436 487 609 636 728 737 697 620 511 496 379 297 258 206 171 168 113 125 101 96 85 82 44 49 38 33 42 24 17 15 12
10 9 9 1 5 1 0 1 1 1 0 0 0 0 0 0 0 0 0 0 0 0 0 0 0 0 0 0 0 0 0 0 0 0 0 0 0 0 0 0 0 0 0 0 0 1 0 1 2 4 8 3 12 13 18 20 19 28 28 43 51 66 99 95 148 176 192 222 244 306 397 451 542 593 561 562 502 451 410 335 292 233 154 161 154 122 106 101 94 85 74 55 49 52 43 37 23 14 13 11
17 6 7 9 4 3 1 0 1 1 0 0 1 0 0 0 0 0 0 0 0 0 0 0 0 0 0 0 0 0 0 0 0 0 0 0 0 0 0 0 0 0 0 0 0 0 0 1 1 6 4 4 12 13 9 19 19 26 17 28 43 65 72 90 79 120 110 167 192 232 273 351 391 455 436 457 415 378 358 321 262 253 178 153 148 133 115 118 101 93 68 67 65 47 43 42 30 15 19 15
19 9 7 10 6 1 0 2 1 0 0 1 1 0 0 0 1 0 0 0 0 0 0 0 0 0 0 0 0 0 0 0 0 0 0 0 0 0 0 0 0 0 0 0 0 0 0 0 1 1 1 1 1 5 10 6 4 14 12 18 30 36 39 33 65 81 87 101 125 178 187 258 284 311 324 357 353 334 279 223 234 206 207 168 150 130 112 112 95 107 75 55 83 48 48 39 28 30 33 22
27 23 9 3 6 2 3 2 4 4 1 0 1 1 0 1 0 0 0 0 0 0 0 0 0 0 0 0 0 0 0 0 0 0 0 0 0 0 0 0 0 0 0 0 0 0 0 0 1 0 0 0 4 3 3 6 4 7 10 11 18 35 29 29 41 42 62 69 79 103 159 182 208 239 254 258 271 274 259 209 216 208 171 162 129 139 114 110 101 111 92 82 73 62 59 51 35 40 25 29
21 17 13 6 6 6 2 5 2 4 3 2 1 1 0 0 1 0 0 0 0 0 0 0 0 0 0 0 0 0 0 0 0 0 0 0 0 0 0 0 0 0 0 0 0 0 0 0 0 0 1 0 0 1 1 4 2 2 6 10 11 10 24 24 30 29 48 43 65 73 95 101 123 197 190 224 187 215 190 184 197 170 174 155 144 116 136 108 121 86 95 92 76 58 74 43 36 33 29 30
26 20 15 8 15 7 9 7 5 6 1 1 1 1 1 1 1 0 0 0 0 0 0 0 0 0 0 0 0 0 0 0 0 0 0 0 0 0 0 0 0 0 0 0 0 0 0 0 0 0 1 1 2 1 2 2 2 3 4 0 10 14 13 20 16 16 20 39 47 53 71 106 138 147 165 144 198 178 181 180 189 160 143 131 128 124 143 131 142 109 99 106 73 85 76 50 52 55 36 33
29 16 27 16 9 13 12 5 10 5 4 1 4 1 7 0 1 0 0 0 1 1 0 0 0 0 0 0 0 0 0 0 0 0 0 0 0 0 0 0 0 0 0 0 0 0 0 0 0 0 0 0 1 0 3 0 3 2 2 0 6 3 4 16 14 8 15 26 38 40 48 79 101 97 127 116 154 144 170 177 162 158 145 132 149 142 142 109 154 130 120 121 106 84 74 59 51 43 42 33
39 39 28 34 24 19 9 4 4 2 6 6 5 0 2 1 0 1 0 0 1 1 0 2 0 1 0 0 0 0 0 0 0 0 0 0 0 0 0 0 0 0 0 0 0 0 0 0 0 0 0 0 0 0 1 1 0 1 1 1 3 1 4 7 9 11 8 14 21 36 55 58 81 82 107 100 112 144 153 145 126 124 134 123 136 139 167 173 150 153 130 137 117 91 100 79 61 52 40 35
46 32 42 38 22 28 8 7 9 6 5 2 2 3 2 0 3 0 0 2 1 1 1 0 1 0 0 0 0 0 0 0 0 0 0 0 0 0 0 0 0 0 0 0 0 0 0 0 0 0 0 0 0 0 0 0 0 0 0 1 0 3 3 4 5 5 3 9 20 30 38 40 66 78 101 106 99 134 115 127 124 137 111 164 134 137 152 191 163 180 176 167 133 116 108 76 76 61 49 52
56 49 41 38 30 25 13 14 13 7 6 2 10 5 3 1 0 1 1 2 0 1 0 3 0 0 0 0 0 1 0 0 0 0 0 0 0 0 0 0 0 0 0 0 0 0 0 0 0 0 0 0 1 0 1 0 0 0 1 0 0 2 2 1 4 6 13 12 20 25 33 48 52 54 80 91 103 109 95 115 115 139 138 135 130 168 175 165 194 189 186 130 158 140 131 123 89 74 65 63
92 74 52 49 32 32 14 16 15 12 12 7 4 3 4 5 2 0 0 1 3 2 0 0 0 0 0 1 0 0 0 0 0 0 0 0 0 0 0 0 0 0 0 0 0 0 0 0 0 0 0 0 0 0 0 0 0 0 0 0 2 3 2 1 2 4 7 8 15 20 30 41 49 65 69 85 75 107 94 100 106 129 119 126 153 179 185 196 183 175 195 173 182 172 140 125 115 100 83 71
109 84 73 53 52 29 28 25 30 23 14 12 12 8 4 0 2 1 0 0 1 2 0 1 0 2 1 0 0 0 1 0 0 0 0 0 0 0 0 0 0 0 0 0 0 0 0 0 0 0 0 0 0 0 0 0 0 0 0 1 0 1 2 1 1 2 7 4 15 12 25 32 35 37 49 68 62 74 82 109 117 102 102 141 148 128 158 188 208 168 192 209 207 186 169 144 128 125 108 83
111 100 86 64 68 56 40 30 29 24 25 14 7 10 5 4 8 2 2 2 1 2 2 0 0 0 0 1 0 0 0 0 0 0 0 0 0 0 0 0 0 0 0 0 0 0 0 0 0 0 0 0 0 0 0 0 0 0 0 1 2 1 1 5 3 1 6 7 7 8 20 22 29 41 40 59 65 62 83 84 86 88 105 115 138 123 168 174 205 186 218 196 206 211 164 176 169 134 110 93
111 119 97 107 72 54 45 40 31 26 21 22 16 2 5 2 5 3 3 4 2 2 3 1 0 0 0 0 0 0 0 0 0 0 0 0 0 0 0 0 0 0 0 0 0 0 0 0 0 0 0 0 0 0 0 0 0 0 0 0 0 0 2 1 3 4 2 5 8 9 14 21 22 41 35 43 51 62 47 72 76 68 69 110 118 138 141 146 183 188 196 181 231 180 224 187 161 176 134 141
129 126 131 101 90 76 61 68 36 31 26 25 16 18 11 8 6 10 12 2 2 1 1 1 0 2 1 1 0 0 0 0 0 0 0 0 0 0 0 0 0 0 0 0 0 0 0 0 0 0 0 0 0 0 0 0 0 0 0 0 0 1 0 1 1 2 0 6 8 10 13 16 22 31 35 32 38 47 44 60 58 77 91 108 87 130 138 141 182 169 219 201 210 198 215 221 200 158 186 156
128 151 112 103 105 73 79 56 56 34 45 19 22 19 12 10 10 8 6 5 7 1 1 4 0 1 1 0 0 0 0 1 1 0 0 0 0 0 0 0 0 0 0 0 0 0 0 0 0 0 0 0 0 0 0 0 0 0 0 0 0 0 0 0 0 2 5 3 6 8 15 13 16 21 25 22 30 24 36 28 56 65 84 93 102 96 114 140 149 170 214 203 220 230 207 219 225 193 170 167
193 176 136 111 122 79 77 66 73 46 50 33 33 17 14 17 12 13 10 8 7 6 1 2 1 1 0 0 0 0 0 0 1 1 0 0 0 0 0 0 0 0 0 0 0 0 0 0 0 0 0 0 0 0 0 0 0 0 0 0 0 0 0 0 0 1 1 2 4 5 7 9 11 11 17 17 30 32 36 53 44 54 62 71 89 88 111 133 143 187 188 212 208 208 222 216 203 210 187 191
194 168 164 141 135 121 82 85 71 70 63 33 38 34 24 24 14 9 7 13 11 8 3 4 3 3 0 1 0 0 0 0 0 0 0 0 0 0 0 0 0 0 0 0 0 0 0 0 0 0 0 0 0 0 0 0 0 0 0 0 0 0 0 0 0 0 0 1 4 8 6 6 8 4 10 12 13 21 14 26 32 35 59 57 60 75 78 117 132 188 151 191 213 216 222 192 245 239 233 213
217 211 177 161 141 137 108 86 83 81 67 44 46 21 25 31 18 13 14 4 9 10 3 3 2 2 0 2 1 0 0 0 0 1 0 0 0 0 0 0 0 0 0 0 0 0 0 0 0 0 0 0 0 0 0 0 0 0 0 0 0 0 0 0 0 0 1 2 1 5 3 8 4 5 11 15 10 19 14 23 35 43 38 54 56 85 92 109 123 136 162 171 216 203 227 234 247 247 232 196
222 226 188 190 169 149 136 116 95 99 86 61 60 46 44 32 28 27 23 28 10 7 11 6 3 3 2 2 1 0 0 0 0 0 1 0 0 0 0 0 0 0 0 0 0 0 0 0 0 0 0 0 0 0 0 0 0 0 0 0 0 0 0 0 0 0 1 2 3 1 2 4 10 4 9 14 11 11 19 12 30 23 42 39 48 58 53 97 106 121 129 171 181 204 202 236 225 253 234 253
236 225 219 209 190 173 142 132 141 99 81 69 63 45 41 37 31 35 28 17 18 13 11 9 5 3 3 3 3 1 2 0 0 1 0 0 0 0 0 0 0 0 0 0 0 0 0 0 0 0 0 0 0 0 0 0 0 0 0 0 0 0 0 0 0 0 0 1 2 2 2 4 1 7 3 6 8 17 12 14 13 29 29 33 41 67 71 72 96 108 142 160 167 195 225 210 208 234 259 256
250 244 241 238 210 190 190 157 155 129 106 78 96 68 63 51 45 28 32 17 14 14 11 8 9 6 5 4 0 2 0 0 0 0 0 0 0 0 0 0 0 0 0 0 0 0 0 0 0 0 0 0 0 0 0 0 0 0 0 0 0 0 0 1 0 1 0 1 2 5 1 6 4 2 4 8 10 15 16 13 7 21 27 31 40 47 68 71 84 103 106 125 137 180 191 209 252 257 242 230
