----- final Settings MC -----
dv(MC-potential)= 0.0490933214121
dw(MC-logD)= 0.0484495478227
dwrad(MC-logDrad)= 0.5
temp= 1.0
n(MC)= 5000
n(update)= 1000.0
k= -1
--------------------
===== final v_coeff =====
       0   0.00000e+00
       1   1.69861e+00
       2   7.91435e-01
       3  -1.40715e+00
       4  -1.36143e+00
       5   6.82683e-01
       6   1.22630e+00
       7   1.26674e-01
       8  -5.19385e-01
       9  -1.89127e-01
===== final w_coeff =====
       0  -6.19059e-01
       1  -8.74707e-02
       2   1.22480e-01
       3   8.68277e-01
       4   8.58451e-01
       5   1.85510e-01
==========
===== final F D =====
   index  bin-str  bin-end      potential diffusion-coefficient(shifted-by-half-bin)
       0  -26.599  -26.067    7.17668e-01   8.07932e-01
       1  -26.067  -25.535    7.20919e-01   7.82225e-01
       2  -25.535  -25.003    7.25842e-01   7.42708e-01
       3  -25.003  -24.471    7.30070e-01   6.93603e-01
       4  -24.471  -23.939    7.31732e-01   6.39558e-01
       5  -23.939  -23.407    7.30756e-01   5.84902e-01
       6  -23.407  -22.875    7.29667e-01   5.33141e-01
       7  -22.875  -22.343    7.33478e-01   4.86755e-01
       8  -22.343  -21.811    7.48548e-01   4.47243e-01
       9  -21.811  -21.279    7.80618e-01   4.15313e-01
      10  -21.279  -20.747    8.32497e-01   3.91128e-01
      11  -20.747  -20.215    9.02067e-01   3.74527e-01
      12  -20.215  -19.683    9.81243e-01   3.65194e-01
      13  -19.683  -19.151    1.05631e+00   3.62767e-01
      14  -19.151  -18.619    1.10977e+00   3.66878e-01
      15  -18.619  -18.087    1.12333e+00   3.77148e-01
      16  -18.087  -17.555    1.08154e+00   3.93146e-01
      17  -17.555  -17.023    9.75189e-01   4.14322e-01
      18  -17.023  -16.491    8.03619e-01   4.39928e-01
      19  -16.491  -15.959    5.75564e-01   4.68958e-01
      20  -15.959  -15.427    3.08109e-01   5.00121e-01
      21  -15.427  -14.895    2.40590e-02   5.31871e-01
      22  -14.895  -14.363   -2.51753e-01   5.62499e-01
      23  -14.363  -13.831   -4.96450e-01   5.90294e-01
      24  -13.831  -13.299   -6.92557e-01   6.13733e-01
      25  -13.299  -12.767   -8.30260e-01   6.31662e-01
      26  -12.767  -12.235   -9.08121e-01   6.43436e-01
      27  -12.235  -11.703   -9.32223e-01   6.48970e-01
      28  -11.703  -11.171   -9.14096e-01   6.48707e-01
      29  -11.171  -10.639   -8.67979e-01   6.43506e-01
      30  -10.639  -10.108   -8.08041e-01   6.34490e-01
      31  -10.108   -9.576   -7.46135e-01   6.22883e-01
      32   -9.576   -9.044   -6.90439e-01   6.09876e-01
      33   -9.044   -8.512   -6.45111e-01   5.96519e-01
      34   -8.512   -7.980   -6.10805e-01   5.83668e-01
      35   -7.980   -7.448   -5.85770e-01   5.71957e-01
      36   -7.448   -6.916   -5.67141e-01   5.61810e-01
      37   -6.916   -6.384   -5.52091e-01   5.53457e-01
      38   -6.384   -5.852   -5.38598e-01   5.46968e-01
      39   -5.852   -5.320   -5.25760e-01   5.42285e-01
      40   -5.320   -4.788   -5.13683e-01   5.39250e-01
      41   -4.788   -4.256   -5.03104e-01   5.37635e-01
      42   -4.256   -3.724   -4.94913e-01   5.37169e-01
      43   -3.724   -3.192   -4.89747e-01   5.37556e-01
      44   -3.192   -2.660   -4.87736e-01   5.38499e-01
      45   -2.660   -2.128   -4.88454e-01   5.39714e-01
      46   -2.128   -1.596   -4.91025e-01   5.40948e-01
      47   -1.596   -1.064   -4.94334e-01   5.41989e-01
      48   -1.064   -0.532   -4.97280e-01   5.42679e-01
      49   -0.532   -0.000   -4.98992e-01   5.42920e-01
      50   -0.000    0.532   -4.98992e-01   5.42679e-01
      51    0.532    1.064   -4.97280e-01   5.41989e-01
      52    1.064    1.596   -4.94334e-01   5.40948e-01
      53    1.596    2.128   -4.91025e-01   5.39714e-01
      54    2.128    2.660   -4.88454e-01   5.38499e-01
      55    2.660    3.192   -4.87736e-01   5.37556e-01
      56    3.192    3.724   -4.89747e-01   5.37169e-01
      57    3.724    4.256   -4.94913e-01   5.37635e-01
      58    4.256    4.788   -5.03104e-01   5.39250e-01
      59    4.788    5.320   -5.13683e-01   5.42285e-01
      60    5.320    5.852   -5.25760e-01   5.46968e-01
      61    5.852    6.384   -5.38598e-01   5.53457e-01
      62    6.384    6.916   -5.52091e-01   5.61810e-01
      63    6.916    7.448   -5.67141e-01   5.71957e-01
      64    7.448    7.980   -5.85770e-01   5.83668e-01
      65    7.980    8.512   -6.10805e-01   5.96519e-01
      66    8.512    9.044   -6.45111e-01   6.09876e-01
      67    9.044    9.576   -6.90439e-01   6.22883e-01
      68    9.576   10.108   -7.46135e-01   6.34490e-01
      69   10.108   10.639   -8.08041e-01   6.43506e-01
      70   10.639   11.171   -8.67979e-01   6.48707e-01
      71   11.171   11.703   -9.14096e-01   6.48970e-01
      72   11.703   12.235   -9.32223e-01   6.43436e-01
      73   12.235   12.767   -9.08121e-01   6.31662e-01
      74   12.767   13.299   -8.30260e-01   6.13733e-01
      75   13.299   13.831   -6.92557e-01   5.90294e-01
      76   13.831   14.363   -4.96450e-01   5.62499e-01
      77   14.363   14.895   -2.51753e-01   5.31871e-01
      78   14.895   15.427    2.40590e-02   5.00121e-01
      79   15.427   15.959    3.08109e-01   4.68958e-01
      80   15.959   16.491    5.75564e-01   4.39928e-01
      81   16.491   17.023    8.03619e-01   4.14322e-01
      82   17.023   17.555    9.75189e-01   3.93146e-01
      83   17.555   18.087    1.08154e+00   3.77148e-01
      84   18.087   18.619    1.12333e+00   3.66878e-01
      85   18.619   19.151    1.10977e+00   3.62767e-01
      86   19.151   19.683    1.05631e+00   3.65194e-01
      87   19.683   20.215    9.81243e-01   3.74527e-01
      88   20.215   20.747    9.02067e-01   3.91128e-01
      89   20.747   21.279    8.32497e-01   4.15313e-01
      90   21.279   21.811    7.80618e-01   4.47243e-01
      91   21.811   22.343    7.48548e-01   4.86755e-01
      92   22.343   22.875    7.33478e-01   5.33141e-01
      93   22.875   23.407    7.29667e-01   5.84902e-01
      94   23.407   23.939    7.30756e-01   6.39558e-01
      95   23.939   24.471    7.31732e-01   6.93603e-01
      96   24.471   25.003    7.30070e-01   7.42708e-01
      97   25.003   25.535    7.25842e-01   7.82225e-01
      98   25.535   26.067    7.20919e-01   8.07932e-01
      99   26.067   26.599    7.17668e-01   8.16858e-01
#Done
